         9.33391e+00        -1.14203e-01
         9.33695e+00        -1.16154e-01
         9.33999e+00        -1.14410e-01
         9.34302e+00        -1.12666e-01
         9.34606e+00        -1.13799e-01
         9.34910e+00        -1.11380e-01
         9.35214e+00        -1.12524e-01
         9.35517e+00        -1.13211e-01
         9.35821e+00        -1.16143e-01
         9.36125e+00        -1.16884e-01
         9.36428e+00        -1.17887e-01
         9.36732e+00        -1.17767e-01
         9.37036e+00        -1.14769e-01
         9.37340e+00        -1.13412e-01
         9.37643e+00        -1.16295e-01
         9.37947e+00        -1.17407e-01
         9.38251e+00        -1.37560e-01
         9.38554e+00        -1.39947e-01
         9.38858e+00        -1.20829e-01
         9.39162e+00        -1.21331e-01
         9.39466e+00        -1.26857e-01
         9.39769e+00        -1.36405e-01
         9.40073e+00        -1.25222e-01
         9.40377e+00        -1.21821e-01
         9.40680e+00        -1.23097e-01
         9.40984e+00        -1.24633e-01
         9.41288e+00        -1.27347e-01
         9.41592e+00        -1.30846e-01
         9.41895e+00        -1.32078e-01
         9.42199e+00        -1.33286e-01
         9.42503e+00        -1.34737e-01
         9.42806e+00        -1.36121e-01
         9.43110e+00        -1.37593e-01
         9.43414e+00        -1.38050e-01
         9.43718e+00        -1.38039e-01
         9.44021e+00        -1.38388e-01
         9.44325e+00        -1.42290e-01
         9.44629e+00        -1.47031e-01
         9.44932e+00        -1.50410e-01
         9.45236e+00        -1.56786e-01
         9.45540e+00        -1.60928e-01
         9.45844e+00        -1.54661e-01
         9.46147e+00        -1.44426e-01
         9.46451e+00        -1.44241e-01
         9.46755e+00        -1.45462e-01
         9.47058e+00        -1.46421e-01
         9.47362e+00        -1.47186e-01
         9.47666e+00        -1.48241e-01
         9.47970e+00        -1.49560e-01
         9.48273e+00        -1.51140e-01
         9.48577e+00        -1.52884e-01
         9.48881e+00        -1.64950e-01
         9.49184e+00        -1.85070e-01
         9.49488e+00        -2.05244e-01
         9.49792e+00        -1.96405e-01
         9.50096e+00        -1.90716e-01
         9.50399e+00        -1.75391e-01
         9.50703e+00        -1.66301e-01
         9.51007e+00        -1.73680e-01
         9.51310e+00        -1.86977e-01
         9.51614e+00        -2.09844e-01
         9.51918e+00        -2.06901e-01
         9.52222e+00        -1.99134e-01
         9.52525e+00        -2.11217e-01
         9.52829e+00        -2.08394e-01
         9.53133e+00        -1.96187e-01
         9.53436e+00        -1.89702e-01
         9.53740e+00        -1.95402e-01
         9.54044e+00        -2.05190e-01
         9.54348e+00        -2.15555e-01
         9.54651e+00        -2.03555e-01
         9.54955e+00        -1.99272e-01
         9.55259e+00        -2.01822e-01
         9.55562e+00        -2.04732e-01
         9.55866e+00        -2.05571e-01
         9.56170e+00        -2.08067e-01
         9.56474e+00        -2.09146e-01
         9.56777e+00        -2.10378e-01
         9.57081e+00        -2.11993e-01
         9.57385e+00        -2.13212e-01
         9.57688e+00        -2.14367e-01
         9.57992e+00        -2.15468e-01
         9.58296e+00        -2.16122e-01
         9.58600e+00        -2.16678e-01
         9.58903e+00        -2.17343e-01
         9.59207e+00        -2.17146e-01
         9.59511e+00        -2.17964e-01
         9.59814e+00        -2.18879e-01
         9.60118e+00        -2.19577e-01
         9.60422e+00        -2.20591e-01
         9.60726e+00        -2.22160e-01
         9.61029e+00        -2.23468e-01
         9.61333e+00        -2.24591e-01
         9.61637e+00        -2.26160e-01
         9.61940e+00        -2.28052e-01
         9.62244e+00        -2.40122e-01
         9.62548e+00        -2.48526e-01
         9.62852e+00        -2.41212e-01
         9.63155e+00        -2.45812e-01
         9.63459e+00        -2.52983e-01
         9.63763e+00        -2.55545e-01
         9.64066e+00        -2.58019e-01
         9.64370e+00        -2.60275e-01
         9.64674e+00        -2.60177e-01
         9.64978e+00        -2.61267e-01
         9.65281e+00        -2.61354e-01
         9.65585e+00        -2.62716e-01
         9.65889e+00        -2.63479e-01
         9.66192e+00        -2.62858e-01
         9.66496e+00        -2.61005e-01
         9.66800e+00        -2.61409e-01
         9.67104e+00        -2.63109e-01
         9.67407e+00        -2.63992e-01
         9.67711e+00        -2.67632e-01
         9.68015e+00        -2.73256e-01
         9.68318e+00        -2.82597e-01
         9.68622e+00        -2.86411e-01
         9.68926e+00        -2.87403e-01
         9.69230e+00        -2.85441e-01
         9.69533e+00        -2.81539e-01
         9.69837e+00        -2.79817e-01
         9.70141e+00        -2.80907e-01
         9.70444e+00        -2.83142e-01
         9.70748e+00        -2.84896e-01
         9.71052e+00        -2.87294e-01
         9.71356e+00        -2.89616e-01
         9.71659e+00        -2.92275e-01
         9.71963e+00        -2.94459e-01
         9.72267e+00        -2.95719e-01
         9.72570e+00        -2.97529e-01
         9.72874e+00        -2.98052e-01
         9.73178e+00        -2.98837e-01
         9.73482e+00        -2.99425e-01
         9.73785e+00        -3.00014e-01
         9.74089e+00        -3.01213e-01
         9.74393e+00        -3.02444e-01
         9.74696e+00        -3.03992e-01
         9.75000e+00        -3.06444e-01
         9.75304e+00        -3.07523e-01
         9.75608e+00        -3.08493e-01
         9.75911e+00        -3.08908e-01
         9.76215e+00        -3.09256e-01
         9.76519e+00        -3.09202e-01
         9.76822e+00        -3.08414e-01
         9.77126e+00        -3.06030e-01
         9.77430e+00        -3.08057e-01
         9.77734e+00        -3.10815e-01
         9.78037e+00        -3.12853e-01
         9.78341e+00        -3.13474e-01
         9.78645e+00        -3.13093e-01
         9.78948e+00        -3.13725e-01
         9.79252e+00        -3.18466e-01
         9.79556e+00        -3.19295e-01
         9.79860e+00        -3.21213e-01
         9.80163e+00        -3.30673e-01
         9.80467e+00        -3.30216e-01
         9.80771e+00        -3.32515e-01
         9.81074e+00        -3.42150e-01
         9.81378e+00        -3.51219e-01
         9.81682e+00        -3.53478e-01
         9.81986e+00        -3.57584e-01
         9.82289e+00        -3.60200e-01
         9.82593e+00        -3.61856e-01
         9.82897e+00        -3.63502e-01
         9.83200e+00        -3.63557e-01
         9.83504e+00        -3.64014e-01
         9.83808e+00        -3.88996e-01
         9.84112e+00        -4.12440e-01
         9.84415e+00        -4.24712e-01
         9.84719e+00        -4.22227e-01
         9.85023e+00        -4.12887e-01
         9.85326e+00        -4.05421e-01
         9.85630e+00        -3.91382e-01
         9.85934e+00        -3.72330e-01
         9.86238e+00        -3.64919e-01
         9.86541e+00        -3.72497e-01
         9.86845e+00        -3.78598e-01
         9.87149e+00        -3.76407e-01
         9.87452e+00        -3.94140e-01
         9.87756e+00        -4.06663e-01
         9.88060e+00        -4.03513e-01
         9.88364e+00        -3.98194e-01
         9.88667e+00        -3.98304e-01
         9.88971e+00        -4.09290e-01
         9.89275e+00        -4.17410e-01
         9.89578e+00        -4.24429e-01
         9.89882e+00        -4.22347e-01
         9.90186e+00        -4.18108e-01
         9.90490e+00        -4.20353e-01
         9.90793e+00        -4.35274e-01
         9.91097e+00        -4.42282e-01
         9.91401e+00        -4.74136e-01
         9.91704e+00        -4.95296e-01
         9.92008e+00        -4.69607e-01
         9.92312e+00        -4.33159e-01
         9.92616e+00        -4.03121e-01
         9.92919e+00        -4.37519e-01
         9.93223e+00        -4.93716e-01
         9.93527e+00        -5.02599e-01
         9.93830e+00        -4.98315e-01
         9.94134e+00        -4.98991e-01
         9.94438e+00        -5.07558e-01
         9.94742e+00        -5.29629e-01
         9.95045e+00        -5.37291e-01
         9.95349e+00        -5.41357e-01
         9.95653e+00        -5.28910e-01
         9.95956e+00        -5.08288e-01
         9.96260e+00        -4.96235e-01
         9.96564e+00        -5.01029e-01
         9.96868e+00        -5.06119e-01
         9.97171e+00        -5.14141e-01
         9.97475e+00        -5.12048e-01
         9.97779e+00        -4.94893e-01
         9.98082e+00        -4.91994e-01
         9.98386e+00        -4.93618e-01
         9.98690e+00        -4.97498e-01
         9.98994e+00        -4.98206e-01
         9.99297e+00        -5.09227e-01
         9.99601e+00        -5.12074e-01
         9.99905e+00        -5.10487e-01
         1.00021e+01        -5.13454e-01
         1.00051e+01        -5.07050e-01
         1.00082e+01        -5.03433e-01
         1.00112e+01        -5.19595e-01
         1.00142e+01        -5.20433e-01
         1.00173e+01        -5.11400e-01
         1.00203e+01        -5.03636e-01
         1.00233e+01        -4.97576e-01
         1.00264e+01        -4.92124e-01
         1.00294e+01        -4.91910e-01
         1.00325e+01        -4.90045e-01
         1.00355e+01        -4.85967e-01
         1.00385e+01        -5.05484e-01
         1.00416e+01        -5.42071e-01
         1.00446e+01        -5.56015e-01
         1.00476e+01        -5.61341e-01
         1.00507e+01        -5.54519e-01
         1.00537e+01        -5.66050e-01
         1.00568e+01        -5.64579e-01
         1.00598e+01        -5.61107e-01
         1.00628e+01        -5.58367e-01
         1.00659e+01        -5.57916e-01
         1.00689e+01        -5.56705e-01
         1.00719e+01        -5.65668e-01
         1.00750e+01        -5.67997e-01
         1.00780e+01        -6.04777e-01
         1.00810e+01        -6.14348e-01
         1.00841e+01        -6.08394e-01
         1.00871e+01        -5.91202e-01
         1.00902e+01        -5.90387e-01
         1.00932e+01        -5.78275e-01
         1.00962e+01        -5.84610e-01
         1.00993e+01        -5.91264e-01
         1.01023e+01        -6.00090e-01
         1.01053e+01        -5.87526e-01
         1.01084e+01        -5.88816e-01
         1.01114e+01        -5.83299e-01
         1.01145e+01        -5.90692e-01
         1.01175e+01        -6.03910e-01
         1.01205e+01        -6.05279e-01
         1.01236e+01        -6.03097e-01
         1.01266e+01        -6.06389e-01
         1.01296e+01        -6.25907e-01
         1.01327e+01        -6.14947e-01
         1.01357e+01        -6.13653e-01
         1.01388e+01        -6.12036e-01
         1.01418e+01        -6.60863e-01
         1.01448e+01        -6.86335e-01
         1.01479e+01        -6.69725e-01
         1.01509e+01        -7.14728e-01
         1.01539e+01        -7.55189e-01
         1.01570e+01        -7.72898e-01
         1.01600e+01        -7.73709e-01
         1.01631e+01        -7.69843e-01
         1.01661e+01        -7.60999e-01
         1.01691e+01        -7.51113e-01
         1.01722e+01        -7.49169e-01
         1.01752e+01        -7.41238e-01
         1.01782e+01        -7.40924e-01
         1.01813e+01        -7.36448e-01
         1.01843e+01        -7.30074e-01
         1.01873e+01        -7.23057e-01
         1.01904e+01        -7.12757e-01
         1.01934e+01        -7.03170e-01
         1.01965e+01        -7.04144e-01
         1.01995e+01        -7.03781e-01
         1.02025e+01        -6.99168e-01
         1.02056e+01        -6.93534e-01
         1.02086e+01        -6.94934e-01
         1.02116e+01        -6.96628e-01
         1.02147e+01        -6.97753e-01
         1.02177e+01        -6.99673e-01
         1.02208e+01        -6.98147e-01
         1.02238e+01        -6.93293e-01
         1.02268e+01        -6.90137e-01
         1.02299e+01        -6.86982e-01
         1.02329e+01        -6.85420e-01
         1.02359e+01        -6.81553e-01
         1.02390e+01        -6.83689e-01
         1.02420e+01        -6.82860e-01
         1.02451e+01        -6.79921e-01
         1.02481e+01        -6.69825e-01
         1.02511e+01        -6.88053e-01
         1.02542e+01        -6.83220e-01
         1.02572e+01        -6.54816e-01
         1.02602e+01        -6.49484e-01
         1.02633e+01        -6.51059e-01
         1.02663e+01        -6.51342e-01
         1.02694e+01        -6.46023e-01
         1.02724e+01        -6.43524e-01
         1.02754e+01        -6.43002e-01
         1.02785e+01        -6.49644e-01
         1.02815e+01        -6.50936e-01
         1.02845e+01        -6.55429e-01
         1.02876e+01        -6.81053e-01
         1.02906e+01        -6.98669e-01
         1.02936e+01        -7.06870e-01
         1.02967e+01        -7.16652e-01
         1.02997e+01        -7.48703e-01
         1.03028e+01        -7.54569e-01
         1.03058e+01        -7.75700e-01
         1.03088e+01        -7.68792e-01
         1.03119e+01        -7.68814e-01
         1.03149e+01        -7.90183e-01
         1.03179e+01        -7.94100e-01
         1.03210e+01        -8.41722e-01
         1.03240e+01        -9.59237e-01
         1.03271e+01        -1.04909e+00
         1.03301e+01        -9.88244e-01
         1.03331e+01        -9.41372e-01
