         9.33544e+00         2.30083e+01        -6.86903e-01
         9.33847e+00         1.78287e+01         6.86077e-01
         9.34150e+00         1.17937e+01        -3.60207e+00
         9.34456e+00         9.06969e+00        -1.40933e+00
         9.34758e+00         8.98984e+00         1.05666e+00
         9.35061e+00         1.02901e+01         2.68063e+00
         9.35367e+00         1.15330e+01         6.22773e+00
         9.35669e+00         1.38616e+01        -2.38468e+00
         9.35972e+00         1.90812e+01         7.70480e-01
         9.36278e+00         2.28003e+01         1.28779e+00
         9.36581e+00         2.30980e+01        -9.56826e-01
         9.36883e+00         2.36762e+01         2.71851e+00
         9.37189e+00         2.08395e+01        -1.21822e+00
         9.37492e+00         1.57817e+01        -7.05934e+00
         9.37794e+00         1.53450e+01        -5.15025e+00
         9.38100e+00         1.09749e+01        -5.18220e+00
         9.38403e+00         8.10025e+00         5.12900e-01
         9.38706e+00         9.29656e+00         9.44147e+00
         9.39011e+00         5.66498e+00         5.25809e+00
         9.39314e+00         6.73567e+00         9.91284e+00
         9.39617e+00         8.07006e+00         1.02867e+01
         9.39922e+00         1.49158e+01         1.18182e+01
         9.40225e+00         1.81855e+01         1.24811e+01
         9.40528e+00         2.06775e+01         1.27106e+01
         9.40833e+00         2.02390e+01         1.32793e+01
         9.41136e+00         2.27879e+01         1.85995e+01
         9.41439e+00         2.02297e+01         1.22551e+01
         9.41744e+00         1.91116e+01         1.40554e+01
         9.42047e+00         1.77480e+01         1.46420e+01
         9.42350e+00         1.35470e+01         6.28516e+00
         9.42656e+00         1.46283e+01         6.71142e+00
         9.42958e+00         1.30775e+01         5.03613e+00
         9.43261e+00         1.67788e+01         2.51992e+00
         9.43567e+00         1.88421e+01         8.66981e+00
         9.43869e+00         1.98034e+01         7.75101e+00
         9.44172e+00         1.87301e+01         8.25340e+00
         9.44478e+00         1.80608e+01         1.22161e+01
         9.44781e+00         1.51611e+01         1.62490e+01
         9.45083e+00         1.18023e+01         1.17463e+01
         9.45389e+00         1.45486e+01         1.85616e+01
         9.45692e+00         1.46269e+01         1.18260e+01
         9.45994e+00         1.93118e+01         1.54648e+01
         9.46300e+00         2.48236e+01         1.99071e+01
         9.46603e+00         2.19481e+01         1.34703e+01
         9.46906e+00         2.23107e+01         1.40286e+01
         9.47211e+00         2.18841e+01         1.51830e+01
         9.47514e+00         2.22491e+01         1.62679e+01
         9.47817e+00         2.02621e+01         1.56584e+01
         9.48122e+00         2.02744e+01         1.17804e+01
         9.48425e+00         1.88851e+01         3.52701e+00
         9.48728e+00         1.90300e+01         1.08445e+01
         9.49033e+00         2.43242e+01         1.14847e+01
         9.49336e+00         2.59983e+01         1.65824e+01
         9.49639e+00         2.85948e+01         2.45932e+01
         9.49944e+00         2.60435e+01         1.74382e+01
         9.50247e+00         2.97134e+01         2.10236e+01
         9.50550e+00         3.12985e+01         1.98975e+01
         9.50856e+00         3.11861e+01         1.43523e+01
         9.51158e+00         3.02901e+01         5.80282e+00
         9.51461e+00         3.81673e+01         2.82279e+01
         9.51767e+00         3.88989e+01         3.56944e+01
         9.52069e+00         3.88796e+01         2.97770e+01
         9.52372e+00         3.16783e+01         1.78623e+01
         9.52678e+00         3.43765e+01         2.80824e+01
         9.52981e+00         3.54096e+01         1.80442e+01
         9.53283e+00         3.56551e+01         1.29316e+01
         9.53589e+00         3.60501e+01         1.56596e+01
         9.53892e+00         4.03103e+01         1.44171e+01
         9.54194e+00         4.24545e+01         1.03520e+01
         9.54500e+00         4.55521e+01         1.08263e+01
         9.54803e+00         4.21917e+01         1.04062e+00
         9.55106e+00         4.24611e+01         3.22953e-02
         9.55411e+00         4.75340e+01         2.42399e+00
         9.55714e+00         4.71917e+01        -2.74968e+00
         9.56019e+00         4.35218e+01         3.55550e+00
         9.56322e+00         4.12991e+01         1.37911e+01
         9.56625e+00         3.60696e+01         1.34989e+01
         9.56931e+00         3.53427e+01         1.40036e+01
         9.57233e+00         3.33279e+01         1.59413e+01
         9.57536e+00         3.34451e+01         1.50879e+01
         9.57842e+00         3.18713e+01         2.16259e+01
         9.58144e+00         3.35333e+01         2.10264e+01
         9.58447e+00         2.77432e+01         1.78133e+01
         9.58753e+00         2.82192e+01         1.72230e+01
         9.59056e+00         2.86770e+01         1.82492e+01
         9.59358e+00         2.92023e+01         1.94055e+01
         9.59664e+00         3.42062e+01         2.12317e+01
         9.59967e+00         3.28056e+01         1.49183e+01
         9.60269e+00         3.40866e+01         1.67195e+01
         9.60575e+00         3.40155e+01         1.11900e+01
         9.60878e+00         3.24022e+01         7.00734e+00
         9.61181e+00         3.45020e+01         8.72319e+00
         9.61486e+00         2.97623e+01         1.23395e+01
         9.61789e+00         2.52074e+01         4.68137e+00
         9.62092e+00         2.49875e+01         6.26782e+00
         9.62397e+00         2.48728e+01         6.46874e+00
         9.62700e+00         2.88783e+01         2.30328e+00
         9.63003e+00         3.32022e+01         1.23337e+01
         9.63308e+00         3.55001e+01         1.07943e+01
         9.63611e+00         3.86969e+01         1.58485e+01
         9.63914e+00         3.76276e+01         2.04291e+01
         9.64219e+00         3.25927e+01         1.14426e+01
         9.64522e+00         3.13045e+01         1.10615e+01
         9.64825e+00         2.93635e+01         1.30220e+01
         9.65131e+00         3.10917e+01         1.20212e+01
         9.65433e+00         3.16616e+01         1.29837e+01
         9.65736e+00         3.27178e+01         1.67160e+01
         9.66042e+00         3.26451e+01         1.03668e+01
         9.66344e+00         3.51268e+01         1.08231e+01
         9.66647e+00         3.68458e+01         1.47677e+01
         9.66953e+00         3.34323e+01         1.25355e+01
         9.67256e+00         3.16924e+01         1.28270e+01
         9.67558e+00         2.92197e+01         1.32296e+01
         9.67864e+00         2.90165e+01         1.38406e+01
         9.68167e+00         3.02420e+01         2.19048e+01
         9.68469e+00         3.34521e+01         1.76225e+01
         9.68775e+00         3.17305e+01         1.87781e+01
         9.69078e+00         3.83665e+01         2.47934e+01
         9.69381e+00         3.42990e+01         2.58027e+01
         9.69686e+00         3.30274e+01         2.01060e+01
         9.69989e+00         4.01937e+01         1.98065e+01
         9.70292e+00         3.84413e+01         2.21796e+01
         9.70597e+00         3.86047e+01         1.89203e+01
         9.70900e+00         3.90160e+01         2.24644e+01
         9.71203e+00         3.18650e+01         2.28573e+01
         9.71508e+00         2.79437e+01         1.90660e+01
         9.71811e+00         2.34629e+01         2.22633e+01
         9.72114e+00         2.16618e+01         1.85678e+01
         9.72419e+00         2.14292e+01         1.01117e+01
         9.72722e+00         2.69179e+01         1.25885e+01
         9.73025e+00         3.36580e+01         1.22213e+01
         9.73331e+00         3.62200e+01         1.72755e+01
         9.73633e+00         3.90867e+01         1.69502e+01
         9.73936e+00         4.02764e+01         1.96741e+01
         9.74242e+00         3.43720e+01         2.29010e+01
         9.74544e+00         3.02133e+01         1.28577e+01
         9.74847e+00         3.13776e+01         1.50230e+01
         9.75153e+00         3.49923e+01         2.09168e+01
         9.75456e+00         3.40894e+01         2.25955e+01
         9.75758e+00         3.47268e+01         2.89749e+01
         9.76064e+00         3.51495e+01         2.67466e+01
         9.76367e+00         3.32087e+01         2.57909e+01
         9.76669e+00         3.91624e+01         3.57353e+01
         9.76975e+00         3.44276e+01         3.02388e+01
         9.77278e+00         3.57518e+01         3.83175e+01
         9.77581e+00         3.43277e+01         3.24138e+01
         9.77886e+00         3.04244e+01         2.84265e+01
         9.78189e+00         3.27540e+01         3.18503e+01
         9.78492e+00         3.29422e+01         3.09185e+01
         9.78797e+00         3.33738e+01         3.61258e+01
         9.79100e+00         3.52288e+01         3.18012e+01
         9.79403e+00         3.42953e+01         3.35950e+01
         9.79708e+00         3.56284e+01         3.68751e+01
         9.80011e+00         3.38701e+01         4.02162e+01
         9.80314e+00         3.35412e+01         3.79667e+01
         9.80619e+00         3.27178e+01         4.34014e+01
         9.80922e+00         3.30090e+01         4.10289e+01
         9.81225e+00         2.93816e+01         4.33155e+01
         9.81531e+00         3.20658e+01         4.03725e+01
         9.81833e+00         2.93011e+01         3.83282e+01
         9.82136e+00         3.42382e+01         3.96308e+01
         9.82442e+00         3.18837e+01         4.17622e+01
         9.82744e+00         3.25671e+01         3.46692e+01
         9.83047e+00         3.48876e+01         3.46385e+01
         9.83353e+00         3.79475e+01         3.94224e+01
         9.83656e+00         3.26491e+01         2.52030e+01
         9.83958e+00         3.62000e+01         4.73720e+01
         9.84264e+00         3.71999e+01         5.82950e+01
         9.84567e+00         3.33902e+01         5.28332e+01
         9.84872e+00         3.23799e+01         4.94736e+01
         9.85175e+00         3.66214e+01         4.72114e+01
         9.85478e+00         4.20568e+01         6.02776e+01
         9.85783e+00         4.25555e+01         4.79705e+01
         9.86086e+00         3.97116e+01         4.25036e+01
         9.86389e+00         4.40036e+01         4.29391e+01
         9.86694e+00         4.52356e+01         4.48633e+01
         9.86997e+00         5.48430e+01         4.59721e+01
         9.87300e+00         4.94140e+01         5.24018e+01
         9.87606e+00         4.67459e+01         5.45187e+01
         9.87908e+00         3.76193e+01         4.51106e+01
         9.88211e+00         3.91909e+01         4.28394e+01
         9.88517e+00         3.64854e+01         3.63540e+01
         9.88819e+00         3.73419e+01         3.60140e+01
         9.89122e+00         3.56455e+01         3.62588e+01
         9.89428e+00         3.99599e+01         3.63183e+01
         9.89731e+00         4.83434e+01         5.08035e+01
         9.90033e+00         4.92105e+01         3.91517e+01
         9.90339e+00         5.38893e+01         4.97980e+01
         9.90642e+00         5.23421e+01         5.13657e+01
         9.90944e+00         4.64376e+01         4.92633e+01
         9.91250e+00         3.85105e+01         4.22220e+01
         9.91553e+00         4.27514e+01         6.70231e+01
         9.91856e+00         4.45898e+01         6.93857e+01
         9.92161e+00         3.63660e+01         5.21708e+01
         9.92464e+00         4.53108e+01         5.05334e+01
         9.92767e+00         3.89061e+01         4.31514e+01
         9.93072e+00         3.62242e+01         4.45140e+01
         9.93375e+00         5.22621e+01         6.42652e+01
         9.93678e+00         5.71679e+01         7.01008e+01
         9.93983e+00         5.65340e+01         5.77767e+01
         9.94286e+00         5.76762e+01         6.13693e+01
         9.94589e+00         5.64508e+01         6.54475e+01
         9.94894e+00         5.66236e+01         6.11848e+01
         9.95197e+00         5.28634e+01         6.60706e+01
         9.95500e+00         5.08889e+01         7.68152e+01
         9.95806e+00         5.18185e+01         7.31996e+01
         9.96108e+00         4.79847e+01         6.70935e+01
         9.96411e+00         5.20058e+01         6.65681e+01
         9.96717e+00         4.97522e+01         6.69974e+01
         9.97019e+00         5.68280e+01         6.58806e+01
         9.97322e+00         6.31659e+01         7.09073e+01
         9.97628e+00         6.34907e+01         7.74671e+01
         9.97931e+00         5.19647e+01         6.37170e+01
         9.98233e+00         5.16854e+01         6.55964e+01
         9.98539e+00         5.15099e+01         6.34989e+01
         9.98842e+00         4.85377e+01         7.28160e+01
         9.99144e+00         5.15500e+01         6.89840e+01
         9.99450e+00         6.32609e+01         7.38647e+01
         9.99753e+00         6.24871e+01         7.48979e+01
         1.00006e+01         5.68452e+01         7.12555e+01
         1.00036e+01         5.58956e+01         7.39125e+01
         1.00066e+01         5.39927e+01         6.95915e+01
         1.00097e+01         4.63148e+01         6.09652e+01
         1.00127e+01         5.02864e+01         6.39446e+01
         1.00157e+01         5.47865e+01         6.83909e+01
         1.00188e+01         5.50678e+01         6.42738e+01
         1.00218e+01         5.67196e+01         6.66265e+01
         1.00249e+01         5.72853e+01         6.34240e+01
         1.00279e+01         5.56890e+01         6.53600e+01
         1.00309e+01         5.37746e+01         6.59578e+01
         1.00340e+01         4.94940e+01         6.35008e+01
         1.00370e+01         4.74851e+01         6.83356e+01
         1.00401e+01         4.38647e+01         5.95914e+01
         1.00431e+01         4.80381e+01         6.71662e+01
         1.00461e+01         4.92954e+01         7.40367e+01
         1.00492e+01         5.34025e+01         8.15676e+01
         1.00522e+01         5.12473e+01         8.35985e+01
         1.00552e+01         6.00398e+01         8.37744e+01
         1.00583e+01         6.45523e+01         8.25330e+01
         1.00613e+01         6.33086e+01         9.09318e+01
         1.00643e+01         6.22491e+01         8.34612e+01
         1.00674e+01         6.48347e+01         9.11541e+01
         1.00704e+01         6.83044e+01         8.85758e+01
         1.00734e+01         7.90637e+01         1.01840e+02
         1.00765e+01         7.06220e+01         8.26796e+01
         1.00795e+01         8.36954e+01         1.04446e+02
         1.00826e+01         7.56207e+01         9.30340e+01
         1.00856e+01         7.03039e+01         8.61880e+01
         1.00886e+01         6.82488e+01         8.36117e+01
         1.00917e+01         7.22883e+01         9.24470e+01
         1.00947e+01         6.83032e+01         6.53144e+01
         1.00977e+01         7.92887e+01         7.56330e+01
         1.01008e+01         7.41245e+01         7.95238e+01
         1.01038e+01         7.89129e+01         9.28835e+01
         1.01069e+01         8.00087e+01         8.19906e+01
         1.01099e+01         8.36171e+01         9.62376e+01
         1.01129e+01         7.40050e+01         8.96878e+01
         1.01160e+01         7.92644e+01         9.24942e+01
         1.01190e+01         8.46755e+01         9.16525e+01
         1.01221e+01         7.86561e+01         9.40879e+01
         1.01251e+01         7.93843e+01         8.79672e+01
         1.01281e+01         7.36197e+01         9.38531e+01
         1.01312e+01         7.36984e+01         8.59324e+01
         1.01342e+01         7.75720e+01         1.01963e+02
         1.01372e+01         7.62223e+01         9.67311e+01
         1.01403e+01         6.18581e+01         6.81011e+01
         1.01433e+01         8.74296e+01         1.18784e+02
         1.01463e+01         8.16119e+01         1.12084e+02
         1.01494e+01         7.05134e+01         1.03782e+02
         1.01524e+01         8.69599e+01         1.35418e+02
         1.01555e+01         8.53657e+01         1.25133e+02
         1.01585e+01         9.43970e+01         1.36573e+02
         1.01615e+01         8.57219e+01         1.40498e+02
         1.01646e+01         9.12851e+01         1.20036e+02
         1.01676e+01         1.06783e+02         1.38989e+02
         1.01706e+01         1.01035e+02         1.26637e+02
         1.01737e+01         8.92319e+01         1.28622e+02
         1.01767e+01         8.58322e+01         1.25050e+02
         1.01798e+01         8.50618e+01         1.28700e+02
         1.01828e+01         8.39506e+01         1.25323e+02
         1.01858e+01         8.26837e+01         1.31539e+02
         1.01889e+01         8.35060e+01         1.28962e+02
         1.01919e+01         9.50152e+01         1.27514e+02
         1.01949e+01         1.02028e+02         1.21555e+02
         1.01980e+01         1.06555e+02         1.23448e+02
         1.02010e+01         1.12275e+02         1.26192e+02
         1.02041e+01         1.08291e+02         1.34450e+02
         1.02071e+01         1.00143e+02         1.29957e+02
         1.02101e+01         9.75099e+01         1.36191e+02
         1.02132e+01         8.78754e+01         1.41827e+02
         1.02162e+01         8.02014e+01         1.31439e+02
         1.02193e+01         8.39547e+01         1.39678e+02
         1.02223e+01         8.86653e+01         1.29870e+02
         1.02253e+01         9.96164e+01         1.31226e+02
         1.02284e+01         1.05535e+02         1.40456e+02
         1.02314e+01         1.10765e+02         1.49502e+02
         1.02344e+01         1.09353e+02         1.53538e+02
         1.02375e+01         9.86871e+01         1.49118e+02
         1.02405e+01         9.31352e+01         1.49788e+02
         1.02435e+01         9.40655e+01         1.40709e+02
         1.02466e+01         9.77069e+01         1.43770e+02
         1.02496e+01         8.50877e+01         1.36132e+02
         1.02526e+01         1.02453e+02         1.51297e+02
         1.02557e+01         1.04438e+02         1.58261e+02
         1.02587e+01         9.01187e+01         1.27599e+02
         1.02618e+01         9.48583e+01         1.37806e+02
         1.02648e+01         9.43345e+01         1.38571e+02
         1.02678e+01         8.87721e+01         1.35106e+02
         1.02709e+01         8.31471e+01         1.27830e+02
         1.02739e+01         8.96210e+01         1.28503e+02
         1.02769e+01         9.56306e+01         1.23215e+02
         1.02800e+01         9.10121e+01         1.17317e+02
         1.02830e+01         9.00908e+01         1.16134e+02
         1.02861e+01         9.65534e+01         1.11075e+02
         1.02891e+01         1.08955e+02         1.31922e+02
         1.02921e+01         8.93150e+01         1.14205e+02
         1.02952e+01         8.06353e+01         1.31990e+02
         1.02982e+01         7.16455e+01         1.16028e+02
         1.03012e+01         9.08894e+01         1.25039e+02
         1.03043e+01         9.09792e+01         1.44805e+02
         1.03073e+01         8.66590e+01         1.22587e+02
         1.03104e+01         1.01755e+02         1.40804e+02
         1.03134e+01         9.41341e+01         1.15542e+02
         1.03164e+01         1.09209e+02         1.24951e+02
         1.03195e+01         1.00082e+02         9.88876e+01
         1.03225e+01         1.09917e+02         9.97347e+01
         1.03255e+01         6.08956e+01         5.56448e+01
         1.03286e+01         2.83095e+01         2.75229e+01
         1.03316e+01         6.12279e+01         5.78734e+01
