         6.50200e+00        -4.88244e+02         1.16926e+02
         6.50508e+00        -6.79363e+02         1.98647e+02
         6.50817e+00        -6.50662e+02        -6.92733e+01
         6.51125e+00        -7.13206e+02         2.86262e+01
         6.51433e+00        -4.32735e+02         3.40193e+02
         6.51742e+00         2.38955e+00        -2.03572e+02
         6.52050e+00        -5.01823e+01        -7.80782e+01
         6.52356e+00        -1.53682e+02        -2.56479e+02
         6.52664e+00         3.43886e+02        -1.16700e+03
         6.52972e+00         3.83893e+02        -1.36600e+03
         6.53281e+00        -2.95163e+02        -2.13090e+02
         6.53589e+00        -4.86986e+02        -4.20738e+02
         6.53897e+00        -5.56155e+01        -3.97070e+02
         6.54206e+00        -2.07239e+01        -4.24170e+02
         6.54514e+00        -4.71025e+01        -3.46645e+02
         6.54822e+00        -9.72578e+01        -1.98746e+02
         6.55131e+00        -2.32411e+01         2.79924e+02
         6.55436e+00        -5.97630e+01         5.50496e+02
         6.55744e+00        -1.39928e+01         5.39004e+02
         6.56053e+00        -8.37474e+01         1.57138e+03
         6.56361e+00         4.23654e+01         5.46558e+02
         6.56669e+00         1.08640e+02         1.95492e+02
         6.56978e+00         7.28223e+01         5.11704e+02
         6.57286e+00        -1.55298e+01         9.17489e+02
         6.57594e+00        -7.52253e+01         1.10187e+03
         6.57903e+00         1.30059e+01         1.03889e+03
         6.58211e+00         1.33041e+02        -1.40226e+02
         6.58519e+00         1.11249e+02        -3.77054e+02
         6.58825e+00         1.25988e+02        -2.16413e+02
         6.59133e+00        -7.87109e+01        -2.03184e+02
         6.59442e+00        -2.63623e+02        -3.94086e+01
         6.59750e+00        -2.03256e+02         1.69879e+01
         6.60058e+00        -1.35024e+02        -5.29471e+01
         6.60367e+00        -1.00730e+02         4.24271e+01
         6.60675e+00         9.71018e+01        -1.01153e+02
         6.60983e+00        -8.58803e+00        -4.09740e+02
         6.61292e+00        -5.10793e+01        -2.39895e+02
         6.61600e+00         1.49246e+02        -2.23917e+02
         6.61906e+00         1.86619e+02        -3.24136e+02
         6.62214e+00         5.08829e+01        -3.08916e+02
         6.62522e+00        -3.04402e+01        -5.95977e+02
         6.62831e+00        -1.88728e+01        -4.65613e+02
         6.63139e+00        -3.40504e+01        -5.29956e+02
         6.63447e+00        -6.14468e+01        -4.39878e+02
         6.63756e+00        -7.78708e+01        -1.78810e+02
         6.64064e+00         7.79837e+01        -4.27697e+02
         6.64372e+00         1.46898e+02        -2.10588e+02
         6.64681e+00         1.89268e+02         2.32026e+01
         6.64989e+00         1.04546e+02         1.57768e+01
         6.65294e+00        -4.67569e+01         4.14651e+02
         6.65603e+00         4.96012e+01         4.21275e+02
         6.65911e+00         2.47703e+02        -5.50061e+02
         6.66219e+00         4.23217e+02        -3.64341e+02
         6.66528e+00        -8.78188e+01        -3.11069e+02
         6.66836e+00        -3.24022e+02        -2.29337e+02
         6.67144e+00         2.77505e+01        -5.59150e+02
         6.67453e+00         9.36387e+00        -4.03195e+02
         6.67761e+00        -5.94513e+00        -4.54196e+02
         6.68069e+00        -2.56661e+01        -4.20691e+02
         6.68378e+00         7.40983e+00        -4.01243e+02
         6.68683e+00        -3.10251e+01        -3.74904e+02
         6.68992e+00        -2.25930e+01        -2.45627e+02
         6.69300e+00         1.14094e+02        -1.87915e+02
         6.69608e+00         3.15763e+01        -4.77148e+02
         6.69917e+00        -1.32687e+02        -5.54902e+02
         6.70225e+00        -2.37688e+01        -4.91605e+02
         6.70533e+00         1.27735e+02        -3.56529e+02
         6.70842e+00         1.08914e+02        -5.20485e+02
         6.71150e+00         1.70753e+01        -5.47368e+02
         6.71458e+00        -3.11629e+01        -3.60878e+02
         6.71764e+00         2.22853e+01        -1.19824e+02
         6.72072e+00         1.89151e+02        -1.26354e+01
         6.72381e+00         2.08660e+02        -8.20421e+01
         6.72689e+00         1.65612e+02        -1.75344e+02
         6.72997e+00         1.67028e+02         7.99352e+01
         6.73306e+00         1.44003e+02         3.35168e+02
         6.73614e+00        -5.11053e+01         5.96424e+02
         6.73922e+00        -1.61776e+02         2.79034e+02
         6.74231e+00        -7.12978e+01         2.97029e+01
         6.74539e+00         6.20226e+01        -1.50234e+02
         6.74847e+00        -1.84154e+02        -2.06854e+01
         6.75153e+00        -4.39682e+02         4.56755e+00
         6.75461e+00        -2.42383e+02        -3.03507e+02
         6.75769e+00         2.03029e+02        -9.51581e+02
         6.76078e+00         6.01445e+01        -6.91909e+02
         6.76386e+00         1.47185e+02        -4.51228e+02
         6.76694e+00        -2.18229e+02        -3.66757e+02
         6.77003e+00        -1.56717e+02        -1.16352e+03
         6.77311e+00         1.68750e+02        -1.77073e+03
         6.77619e+00        -3.05704e+02        -1.90177e+03
         6.77928e+00        -1.45021e+02        -2.16124e+03
         6.78233e+00        -4.53042e+02        -1.52577e+03
         6.78542e+00         3.83223e+01        -1.21088e+03
         6.78850e+00         1.51195e+02        -1.08431e+03
         6.79158e+00        -7.51203e+01        -9.84177e+02
         6.79467e+00         2.68889e+02        -1.33436e+03
         6.79775e+00         4.44011e+02        -7.27214e+02
         6.80083e+00         6.88249e+01        -2.30064e+02
         6.80392e+00         2.65816e+01         5.63257e+02
         6.80700e+00        -2.09960e+02         1.35015e+03
         6.81008e+00        -4.02826e+01         7.13705e+02
         6.81317e+00         1.93327e+02         3.78874e+02
         6.81622e+00         3.20044e+02         3.86729e+02
         6.81931e+00         7.72009e+02         6.26553e+02
         6.82239e+00         5.50985e+02         5.44352e+02
         6.82547e+00         2.07111e+02        -5.91033e+02
         6.82856e+00         8.99629e+01        -5.32143e+02
         6.83164e+00         3.60662e+02        -3.07304e+02
         6.83472e+00        -8.29104e+01        -1.29912e+02
         6.83781e+00        -3.05910e+02         1.24115e+02
         6.84089e+00        -2.13476e+02         1.32289e+01
         6.84397e+00        -6.28648e+01        -1.16160e+02
         6.84703e+00         3.32293e+02        -4.19873e+02
         6.85011e+00         4.06519e+02        -8.59914e+02
         6.85319e+00         5.97279e+01        -7.20809e+02
         6.85628e+00        -1.96086e+02        -5.23003e+02
         6.85936e+00        -3.81127e+02        -5.87960e+02
         6.86244e+00        -1.22121e+02        -4.52936e+02
         6.86553e+00         1.14570e+02        -8.15949e+02
         6.86861e+00        -7.76393e+01        -5.66863e+02
         6.87169e+00        -4.26577e+01        -2.23307e+02
         6.87478e+00         5.95623e+01        -1.82722e+02
         6.87786e+00         1.16907e+02        -1.63506e+02
         6.88092e+00         5.54058e+01        -1.00071e+02
         6.88400e+00        -8.08657e+01         2.10090e+02
         6.88708e+00        -9.55251e+01         3.20593e+02
         6.89017e+00        -8.54956e+01         3.47712e+02
         6.89325e+00         2.85794e+01         3.60097e+02
         6.89633e+00         7.25299e+01         4.56696e+02
         6.89942e+00         9.60424e+01         5.39673e+02
         6.90250e+00         1.50931e+01         4.63813e+02
         6.90558e+00        -1.77626e+01         2.21988e+02
         6.90867e+00        -9.24473e+01        -2.80665e+02
         6.91175e+00        -1.61993e+02        -3.65506e+02
         6.91481e+00        -3.13084e+02        -2.42345e+02
         6.91789e+00        -8.81708e+01        -3.15511e+02
         6.92097e+00        -3.78266e+01        -2.60569e+02
         6.92406e+00        -6.44117e+01        -3.27132e+02
         6.92714e+00        -1.12645e+02        -2.64224e+02
         6.93022e+00        -6.52254e+01        -6.21617e+02
         6.93331e+00        -1.64265e+02        -6.47851e+02
         6.93639e+00         1.42693e+02        -7.76304e+02
         6.93947e+00         1.52732e+02        -6.78961e+02
         6.94256e+00         7.24991e+01        -4.14053e+02
         6.94561e+00         1.18084e+02        -1.75175e+02
         6.94869e+00         1.40809e+02        -3.10530e+02
         6.95178e+00         6.16996e+01        -4.15135e+02
         6.95486e+00         1.65495e+00        -5.67547e+02
         6.95794e+00         1.42180e+02        -4.76555e+02
         6.96103e+00         1.64186e+02        -2.68998e+02
         6.96411e+00         8.58683e+01        -2.25825e+02
         6.96719e+00         1.55721e+02        -3.76154e+02
         6.97028e+00         1.92806e+02        -4.30037e+02
         6.97336e+00         1.26855e+02        -6.14653e+02
         6.97644e+00         3.01302e+02        -5.40002e+02
         6.97950e+00         4.10927e+02        -1.91184e+02
         6.98258e+00         4.27633e+00        -5.51296e+00
         6.98567e+00        -3.24900e+02         5.11445e+02
         6.98875e+00        -1.83004e+02         2.76539e+02
         6.99183e+00         1.18265e+02        -2.77239e+02
         6.99492e+00         4.16141e+02         9.78577e+00
         6.99800e+00         1.87470e+02        -4.03400e+01
         7.00108e+00        -1.33343e+02        -7.04574e+02
         7.00417e+00        -1.95357e+02         4.98327e+01
         7.00725e+00         3.61216e+02        -6.61941e+02
         7.01031e+00         3.04225e+02        -8.96414e+02
         7.01339e+00         1.95583e+02        -8.31285e+02
         7.01647e+00        -1.69204e+01        -6.06445e+02
         7.01956e+00        -2.02476e+01        -6.07914e+02
         7.02264e+00        -3.67244e+01        -7.56571e+02
         7.02572e+00        -9.96507e+01        -5.67869e+02
         7.02881e+00        -7.75472e+01        -3.01648e+02
         7.03189e+00         5.12588e+01         1.53289e+02
         7.03497e+00        -4.14802e+01         8.54951e+01
         7.03806e+00         1.03091e+01         5.60291e+01
         7.04114e+00        -9.66789e+00         2.48317e+01
         7.04419e+00        -1.88052e+02        -2.18687e+01
         7.04728e+00        -2.78528e+01         1.23751e+02
         7.05036e+00         4.08630e+01        -3.57028e+02
         7.05344e+00         1.00219e+02        -3.00917e+02
         7.05653e+00         3.66613e+02         8.55766e+01
         7.05961e+00         3.47809e+02         3.69855e+02
         7.06269e+00         7.89992e+01         2.29163e+02
         7.06578e+00        -1.06880e+02        -2.00683e+02
         7.06886e+00        -2.07741e+02        -2.11314e+02
         7.07194e+00         4.69329e+01        -1.93706e+02
         7.07500e+00         1.89160e+02        -2.04251e+02
         7.07808e+00         1.14243e+02        -3.89351e+02
         7.08117e+00         3.73652e+01        -5.48132e+02
         7.08425e+00         4.83582e+01        -5.51128e+02
         7.08733e+00        -2.09692e+01        -4.32044e+02
         7.09042e+00        -2.93408e+01        -2.13998e+02
         7.09350e+00        -3.91937e+01        -2.80890e+02
         7.09658e+00        -1.06846e+02        -2.59280e+02
         7.09967e+00        -6.39148e+01        -1.17828e+02
         7.10275e+00         9.23487e+01        -8.00268e+01
         7.10583e+00         1.48955e+02        -2.26599e+02
         7.10889e+00         6.68553e+01        -4.05312e+02
         7.11197e+00        -6.23700e+01         4.19815e+01
         7.11506e+00        -2.79418e+01         6.99359e+02
         7.11814e+00         1.15634e+02         7.25624e+02
         7.12122e+00         6.96829e+01         6.09866e+02
         7.12431e+00         6.17202e+01         6.54377e+01
         7.12739e+00         4.61560e+01        -6.27330e+01
         7.13047e+00         1.23550e+02        -3.10463e+02
         7.13356e+00         1.84372e+02        -3.08527e+02
         7.13664e+00         1.47590e+02        -3.90523e+02
         7.13969e+00        -5.57985e+01        -3.78896e+02
         7.14278e+00        -4.25757e+01        -4.28540e+02
         7.14586e+00         2.16020e+02        -8.45650e+02
         7.14894e+00         1.07797e+02        -2.07799e+02
         7.15203e+00         5.87196e+01        -6.17932e+02
         7.15511e+00        -1.79029e+02        -7.48053e+02
         7.15819e+00        -4.46292e+01        -7.23907e+02
         7.16128e+00        -5.03940e+01        -2.31458e+02
         7.16436e+00         1.84142e+02         2.35181e+02
         7.16744e+00         1.22580e+02         1.61220e+02
         7.17053e+00         1.52965e+00        -1.00917e+02
         7.17358e+00        -6.23336e+01        -2.71754e+02
         7.17667e+00        -8.04743e+01        -3.01173e+02
         7.17975e+00        -1.82436e+02        -1.98119e+02
         7.18283e+00        -8.68725e+01        -2.43195e+02
         7.18592e+00         1.51750e+02         2.38015e+02
         7.18900e+00         2.66936e+02        -8.23398e+00
         7.19208e+00         1.11452e+02         3.67865e+01
         7.19517e+00        -9.54469e+01        -8.32211e+01
         7.19825e+00        -1.40646e+02        -2.66561e+02
         7.20133e+00        -1.05148e+02        -1.10955e+02
         7.20442e+00         6.09429e+01        -8.43738e+00
         7.20747e+00         2.77264e+02        -2.91482e+02
         7.21056e+00         2.02281e+02        -5.48298e+02
         7.21364e+00        -1.66496e+01        -4.70682e+02
         7.21672e+00        -1.43381e+02        -2.95681e+02
         7.21981e+00        -1.03296e+02         7.72814e+01
         7.22289e+00         2.31039e+02        -1.89907e+02
         7.22597e+00         2.51165e+02        -6.77301e+02
         7.22906e+00         1.54342e+02        -5.43250e+02
         7.23214e+00         1.63818e+02        -4.89591e+02
         7.23522e+00         1.15206e+02        -4.18789e+02
         7.23828e+00        -5.80867e+01        -2.93726e+02
         7.24136e+00         1.06320e+02        -5.21328e+02
         7.24444e+00         1.06233e+01        -9.84549e+02
         7.24753e+00         3.67228e+01        -9.78754e+02
         7.25061e+00        -2.11108e+02        -5.92015e+02
         7.25369e+00        -1.29949e+02        -1.03369e+03
         7.25678e+00        -4.11390e+01        -1.03760e+03
         7.25986e+00        -7.98741e+01        -8.89294e+02
         7.26294e+00         4.06095e+01        -1.08925e+03
         7.26603e+00         6.35972e+01        -9.55658e+02
         7.26911e+00         1.00079e+02        -1.03185e+03
         7.27217e+00         8.38433e+01        -1.08283e+03
         7.27525e+00         1.61714e+02        -3.44248e+02
         7.27833e+00         5.08698e+01         3.62355e+02
         7.28142e+00        -3.33202e+01         1.15021e+02
         7.28450e+00        -1.25693e+02         4.94002e+01
         7.28758e+00        -2.87229e+01         3.54039e+02
         7.29067e+00         1.10271e+02         5.03968e+02
         7.29375e+00         1.95225e+02         5.83338e+02
         7.29683e+00        -1.48195e+01         4.62894e+02
         7.29992e+00         1.72016e+02        -4.86326e+02
         7.30297e+00         1.99082e+02        -5.22598e+02
         7.30606e+00         4.76725e+01        -7.15067e+02
         7.30914e+00         9.39506e+01        -3.35942e+02
         7.31222e+00         2.35127e+02        -4.90338e+02
         7.31531e+00         1.68049e+02        -7.18120e+02
         7.31839e+00         8.96114e+01        -1.41918e+02
         7.32147e+00         4.52564e-02         1.10328e+02
         7.32456e+00         8.31468e+01        -2.74101e+02
         7.32764e+00         8.18554e+01        -3.73799e+02
         7.33072e+00         1.79386e+02        -6.57023e+02
         7.33381e+00         2.01410e+02        -6.66505e+02
         7.33686e+00         2.86444e+01        -8.34520e+02
         7.33994e+00         3.13343e+00        -9.76997e+02
         7.34303e+00         3.29586e+01        -1.02834e+03
         7.34611e+00         6.59818e+00        -9.84246e+02
         7.34919e+00         1.44956e+02        -7.06721e+02
         7.35228e+00        -3.48508e+01        -9.91760e+01
         7.35536e+00        -1.25469e+01         4.07998e+02
         7.35844e+00        -6.88337e+01        -4.17759e+01
         7.36153e+00        -1.04649e+02         9.62274e+01
         7.36461e+00        -8.32010e+01         2.10059e+02
         7.36767e+00         6.70016e+01         1.94263e+02
         7.37075e+00         8.68860e+01         1.94453e+02
         7.37383e+00         1.12745e+02        -3.06481e+02
         7.37692e+00         1.33379e+02        -6.09835e+02
         7.38000e+00         1.43368e+02        -6.52152e+02
         7.38308e+00         1.64378e+02        -6.32759e+02
         7.38617e+00         1.23244e+02        -5.60018e+02
         7.38925e+00        -1.40943e+02        -9.05619e+02
         7.39233e+00        -3.01734e+01        -1.22366e+03
         7.39542e+00         1.26729e+02        -1.73862e+03
         7.39850e+00        -1.44485e+01        -1.23234e+03
         7.40156e+00         7.28642e+01        -7.02006e+02
         7.40464e+00         7.63079e+01        -7.09825e+02
         7.40772e+00         1.10327e+02        -1.13135e+03
         7.41081e+00         8.96989e+01        -5.75116e+02
         7.41389e+00         1.24383e+02         1.50267e+02
         7.41697e+00         9.08388e+01        -2.44140e+02
         7.42006e+00         1.33968e+02        -3.86399e+02
         7.42314e+00         1.67310e+02        -2.27843e+01
         7.42622e+00         3.19611e+02         5.74438e+02
         7.42931e+00         3.11802e+02         7.40691e+02
         7.43236e+00         1.28239e+02         7.91135e+02
         7.43544e+00         2.99444e+02         3.47996e+02
         7.43853e+00         3.67543e+02        -4.06367e+01
         7.44161e+00         3.83608e+02         8.34711e+01
         7.44469e+00         1.81269e+02         2.39420e+02
         7.44778e+00        -1.28931e+02        -6.32135e+01
         7.45086e+00         1.25607e+02        -2.27880e+02
         7.45394e+00         3.02056e+02        -6.56698e+02
         7.45703e+00         3.18297e+01        -1.04811e+03
         7.46011e+00        -3.83276e+02        -7.52205e+02
         7.46319e+00         1.59866e+02        -8.62627e+02
         7.46625e+00        -2.00690e+02        -5.14792e+02
         7.46933e+00         2.34057e+02        -9.12395e+02
         7.47242e+00        -1.49885e+02        -1.22781e+03
         7.47550e+00        -2.76343e+02        -8.66690e+02
         7.47858e+00        -3.47468e+01        -6.77887e+02
         7.48167e+00        -6.40316e+01        -7.18331e+02
         7.48475e+00        -3.46761e+01        -4.23765e+02
         7.48783e+00        -6.39039e+01        -3.60370e+02
         7.49092e+00         9.01511e+01         3.31546e+02
         7.49400e+00         3.09735e+02         9.42945e+02
         7.49708e+00         1.60336e+02         5.00691e+02
         7.50014e+00         1.09670e+02         2.64868e+01
         7.50322e+00        -3.80016e+01        -2.27168e+02
         7.50631e+00        -1.62103e+02         3.15924e+02
         7.50939e+00         5.38314e+01        -1.96526e+02
         7.51247e+00        -1.63637e+01        -1.15485e+03
         7.51556e+00         1.20466e+02        -8.39147e+02
         7.51864e+00        -1.48024e+02        -3.86507e+02
         7.52172e+00        -7.18522e+01        -7.13944e+02
         7.52481e+00         5.46944e+01        -7.61894e+02
         7.52789e+00         9.42699e+01         1.63034e+01
         7.53094e+00         1.64554e+02        -1.25363e+02
         7.53403e+00         2.78586e+02        -1.82634e+02
         7.53711e+00         3.15898e+02        -6.52451e+02
         7.54019e+00         3.65373e+01        -4.43760e+02
         7.54328e+00         9.85405e+01         1.00420e+01
         7.54636e+00         3.36089e+02        -5.67910e+01
         7.54944e+00         4.24813e+02        -1.61390e+02
         7.55253e+00         2.62285e+02        -4.76542e+01
         7.55561e+00         1.08570e+02         1.97892e+02
         7.55869e+00        -1.67660e+02         9.96010e+01
         7.56178e+00         7.14990e+01        -5.19647e+02
         7.56483e+00         1.13808e+02        -3.58235e+02
         7.56792e+00         1.11107e+02        -4.37076e+02
         7.57100e+00        -5.37771e+01        -5.78896e+02
         7.57408e+00        -1.07478e+02        -6.98754e+02
         7.57717e+00         1.66083e+01        -5.96551e+02
         7.58025e+00        -7.60908e+01        -3.14214e+02
         7.58333e+00        -1.08491e+02        -2.67905e+02
         7.58642e+00         9.18854e+01        -4.95688e+02
         7.58950e+00         1.53648e+02        -3.02034e+02
         7.59258e+00         2.07423e+02        -7.36542e+02
         7.59564e+00         5.30139e+01        -3.57220e+02
         7.59872e+00        -7.10913e+01        -1.26581e+02
         7.60181e+00        -5.16854e+01        -6.25508e+01
         7.60489e+00         1.58768e+02        -4.12697e+02
         7.60797e+00         1.77633e+02        -3.24266e+02
         7.61106e+00         1.28380e+02        -4.88979e+02
         7.61414e+00         1.29339e+01        -5.67632e+02
         7.61722e+00         1.40657e+02        -5.80988e+02
         7.62031e+00         1.40836e+02        -2.49327e+02
         7.62339e+00         1.33886e+02         1.98067e+02
         7.62647e+00         3.67440e+01         7.61238e+01
         7.62953e+00         2.43013e+01        -3.12984e+02
         7.63261e+00         7.06178e+01        -3.15865e+02
         7.63569e+00         1.17629e+02        -8.54280e+02
         7.63878e+00         3.01801e+01        -1.12907e+03
         7.64186e+00        -9.50250e+00        -7.45481e+02
         7.64494e+00        -1.19917e+02        -4.39237e+02
         7.64803e+00        -2.53197e+00        -8.48040e+02
         7.65111e+00        -3.29472e+01        -1.15301e+03
         7.65419e+00         6.01736e+00        -8.40217e+02
         7.65728e+00         6.80644e+01        -6.31105e+02
         7.66033e+00         7.06515e+01        -4.26549e+02
         7.66342e+00        -9.90996e+01        -4.62602e+02
         7.66650e+00        -1.55714e+02        -1.77884e+02
         7.66958e+00         1.40006e+02        -9.02773e+02
         7.67267e+00         2.88476e+02        -6.13676e+02
         7.67575e+00         1.17382e+02        -4.46643e+02
         7.67883e+00         1.86028e+02        -3.00988e+02
         7.68192e+00        -7.64742e+01        -1.35980e+02
         7.68500e+00         6.36905e+01        -5.08783e+02
         7.68808e+00         1.72208e+02        -4.75308e+02
         7.69117e+00         1.09560e+02        -2.69053e+02
         7.69422e+00         1.05462e+02        -2.76430e+02
         7.69731e+00         4.52903e+01        -1.60444e+02
         7.70039e+00         7.41188e+01        -4.54441e+02
         7.70347e+00         2.25903e+02        -1.80145e+02
         7.70656e+00         1.56859e+02        -3.62067e+02
         7.70964e+00         1.38735e+02        -6.26603e+02
         7.71272e+00        -1.33003e+02        -5.93455e+02
         7.71581e+00         8.22248e+01        -5.09459e+02
         7.71889e+00         3.80889e+02        -3.56936e+02
         7.72197e+00         1.95652e+02        -8.20603e+02
         7.72503e+00         7.08206e+01        -8.14497e+02
         7.72811e+00         2.82564e+01        -7.58906e+02
         7.73119e+00         4.63945e+01        -5.72931e+02
         7.73428e+00         1.66211e+02        -2.06475e+02
         7.73736e+00         2.06568e+02        -2.98988e+02
         7.74044e+00         1.02437e+02        -4.88561e+02
         7.74353e+00         1.66443e+02        -4.15032e+02
         7.74661e+00         1.66332e+02        -3.11458e+02
         7.74969e+00         1.46539e+02        -2.85478e+02
         7.75278e+00         9.97206e+01        -3.48182e+02
         7.75586e+00         1.15403e+02        -4.56769e+02
         7.75892e+00         1.62996e+02        -5.65565e+02
         7.76200e+00         1.44631e+02        -4.49662e+02
         7.76508e+00         6.98891e+01        -3.86844e+02
         7.76817e+00         5.25799e+01        -2.60474e+02
         7.77125e+00         2.41966e+02        -5.76073e+02
         7.77433e+00         2.00156e+02        -6.94131e+02
         7.77742e+00        -3.40756e+01        -3.20496e+02
         7.78050e+00        -1.55657e+02        -5.93148e+01
         7.78358e+00         1.46269e+02        -4.06733e+02
         7.78667e+00         3.66446e+02        -9.72248e+02
         7.78972e+00         5.87812e+01        -9.41857e+02
         7.79281e+00         1.10513e+01        -6.86208e+02
         7.79589e+00         2.07223e+02        -6.29568e+02
         7.79897e+00         2.71441e+02        -8.37651e+02
         7.80206e+00         1.20116e+02        -4.38074e+02
         7.80514e+00         1.14493e+02        -6.06358e+02
         7.80822e+00        -9.60547e+00        -7.95652e+02
         7.81131e+00         1.31230e+02        -5.44702e+02
         7.81439e+00         1.50733e+02        -7.93294e+02
         7.81747e+00         3.26209e+02        -3.30667e+02
         7.82056e+00         1.14257e+02        -6.56455e+02
         7.82361e+00         2.11214e+02        -4.96547e+02
         7.82669e+00        -9.97130e+00        -7.46279e+02
         7.82978e+00         2.66466e+01        -3.02619e+02
         7.83286e+00         6.63423e+01        -4.22006e+02
         7.83594e+00         1.80318e+02        -8.16454e+02
         7.83903e+00         2.50545e+02        -6.44784e+02
         7.84211e+00        -6.52320e-01        -6.89648e+02
         7.84519e+00         7.93038e+01        -7.10858e+02
         7.84828e+00        -5.61547e+01        -1.14485e+03
         7.85136e+00         3.05664e+02        -1.07915e+03
         7.85444e+00         6.83452e+01        -8.81340e+02
         7.85750e+00         2.53451e+02        -1.58304e+03
         7.86058e+00         2.81430e+02        -1.30727e+03
         7.86367e+00        -6.94863e+01        -1.14079e+03
         7.86675e+00         2.36344e+02        -1.43682e+03
         7.86983e+00         2.08424e+02        -1.05304e+03
         7.87292e+00         1.14965e+02        -4.60115e+02
         7.87600e+00         2.77113e+02        -7.75882e+02
         7.87908e+00         1.89872e+02        -9.56992e+02
         7.88217e+00        -1.43331e+02        -1.01744e+03
         7.88525e+00        -1.75263e+02        -9.84954e+02
         7.88831e+00        -1.65345e+02        -9.27270e+02
         7.89139e+00         3.13873e+02        -6.02038e+02
         7.89447e+00         4.42708e+02        -5.77950e+02
         7.89756e+00         4.58505e+01        -1.44751e+02
         7.90064e+00        -1.89724e+02         2.06870e+02
         7.90372e+00        -9.19745e+01         1.14387e+02
         7.90681e+00         1.63744e+02        -1.69972e+02
         7.90989e+00         2.06513e+02        -4.64746e+02
         7.91297e+00         3.93483e+02        -9.23367e+02
         7.91606e+00         3.71310e+02        -9.92484e+02
         7.91914e+00         6.90343e+01        -7.82665e+02
         7.92219e+00        -1.75707e+01        -6.98987e+02
         7.92528e+00         3.86071e+02        -9.88115e+02
         7.92836e+00         1.02907e+02        -7.45681e+02
         7.93144e+00        -4.77064e+01        -1.79798e+02
         7.93453e+00         2.89303e+02         4.70831e+01
         7.93761e+00         4.09224e+02        -5.13800e+02
         7.94069e+00         2.49145e+02        -9.51180e+02
         7.94378e+00        -2.18496e+01        -9.85852e+02
         7.94686e+00        -4.59302e+01        -8.76515e+02
         7.94994e+00         2.50902e+02        -4.51856e+02
         7.95300e+00         3.59371e+02        -3.71689e+02
         7.95608e+00         5.33338e+01        -5.14628e+02
         7.95917e+00        -1.40443e+02        -1.41985e+02
         7.96225e+00        -9.95176e+01        -6.32846e+01
         7.96533e+00         8.46633e+00        -2.28426e+02
         7.96842e+00         7.55038e+01        -1.62855e+02
         7.97150e+00         8.06253e+01        -3.30182e+02
         7.97458e+00         5.19473e+01        -4.59214e+02
         7.97767e+00         1.45837e+02        -7.48769e+02
         7.98075e+00         4.13793e+01        -8.36328e+02
         7.98383e+00         5.85658e+01        -6.93764e+02
         7.98689e+00         1.36152e+01        -4.17297e+02
         7.98997e+00         2.00272e+02        -1.53883e+02
         7.99306e+00         2.36284e+02        -3.33735e+02
         7.99614e+00         1.04786e+02        -2.92971e+02
         7.99922e+00         9.81475e+01        -4.49947e+02
         8.00231e+00         1.22382e+02        -2.54796e+02
         8.00539e+00         9.18770e+01        -5.36791e+02
         8.00847e+00         6.83839e+01        -5.29062e+02
         8.01156e+00         2.56670e+01        -2.05552e+02
         8.01464e+00         1.90880e+02        -4.04296e+02
         8.01769e+00         1.85369e+02        -4.37224e+02
         8.02078e+00         6.97464e+01        -6.66719e+02
         8.02386e+00         1.61199e+02        -2.71752e+02
         8.02694e+00         2.11237e+02        -4.23000e+02
         8.03003e+00         1.64934e+02        -5.21057e+02
         8.03311e+00         9.16506e+01        -5.67407e+02
         8.03619e+00         1.49351e+02        -2.53114e+02
         8.03928e+00         2.26961e+02        -4.23163e+02
         8.04236e+00         1.20436e+02        -4.84182e+02
         8.04544e+00         6.46347e+01        -3.57692e+02
         8.04853e+00         8.86805e+01        -3.11789e+01
         8.05158e+00         2.29738e+02        -9.03048e+01
         8.05467e+00         1.40864e+02        -3.38726e+02
         8.05775e+00        -2.28583e+01        -3.74065e+02
         8.06083e+00         5.44582e+01        -2.76900e+02
         8.06392e+00         1.32081e+02        -1.03785e+02
         8.06700e+00         1.52960e+02        -3.37701e+02
         8.07008e+00        -1.10935e+01        -4.34784e+02
         8.07317e+00        -6.79683e-01        -2.82211e+02
         8.07625e+00         1.45211e+02        -1.77914e+02
         8.07933e+00         1.65381e+02        -2.68264e+02
         8.08239e+00         1.26055e+02        -3.00099e+02
         8.08547e+00         8.63890e+01        -9.43575e+01
         8.08856e+00         1.32090e+02        -1.10379e+02
         8.09164e+00         1.11157e+02        -3.79749e+02
         8.09472e+00         8.79113e+01        -2.84877e+02
         8.09781e+00         1.53367e+02        -2.94109e+02
         8.10089e+00         1.34647e+02        -3.70933e+02
         8.10397e+00         2.03179e+01        -4.06524e+02
         8.10706e+00         9.40950e+01        -1.28794e+02
         8.11014e+00         1.89512e+02        -2.84420e+02
         8.11322e+00         1.45203e+02        -5.20362e+02
         8.11628e+00         1.33239e+02        -3.87983e+02
         8.11936e+00         1.85458e+02        -4.75902e+02
         8.12244e+00         9.85583e+01        -6.98331e+02
         8.12553e+00         1.15097e+02        -5.32579e+02
         8.12861e+00         1.96183e+02        -5.47967e+02
         8.13169e+00         1.51097e+02        -6.30258e+02
         8.13478e+00         1.31022e+02        -5.23208e+02
         8.13786e+00         1.68193e+02        -4.46155e+02
         8.14094e+00         1.66659e+02        -4.09546e+02
         8.14403e+00         1.46476e+02        -4.14776e+02
         8.14711e+00         1.45777e+02        -4.19858e+02
         8.15017e+00         1.30079e+02        -5.32103e+02
         8.15325e+00         1.09176e+02        -5.54354e+02
         8.15633e+00         1.15204e+02        -5.55973e+02
         8.15942e+00         1.31594e+02        -5.35751e+02
         8.16250e+00         1.17197e+02        -5.43590e+02
         8.16558e+00         1.30535e+02        -4.73009e+02
         8.16867e+00         1.29188e+02        -4.68891e+02
         8.17175e+00         1.14729e+02        -4.74292e+02
         8.17483e+00         9.92000e+01        -4.55659e+02
         8.17792e+00         1.14763e+02        -3.64147e+02
         8.18097e+00         1.18797e+02        -2.95095e+02
         8.18406e+00         9.47876e+01        -2.28707e+02
         8.18714e+00         6.94701e+01        -1.92472e+02
         8.19022e+00         9.29629e+01        -2.16181e+02
         8.19331e+00         1.23582e+02        -2.44894e+02
         8.19639e+00         1.27618e+02        -3.39616e+02
         8.19947e+00         1.17938e+02        -3.83130e+02
         8.20256e+00         1.24735e+02        -3.83850e+02
         8.20564e+00         1.22465e+02        -3.63417e+02
         8.20872e+00         1.24654e+02        -2.86346e+02
         8.21181e+00         1.17650e+02        -2.55590e+02
         8.21486e+00         1.12802e+02        -2.60281e+02
         8.21794e+00         1.03487e+02        -2.62951e+02
         8.22103e+00         1.09780e+02        -2.88913e+02
         8.22411e+00         1.11004e+02        -3.11796e+02
         8.22719e+00         1.17734e+02        -2.70548e+02
         8.23028e+00         1.33300e+02        -2.12182e+02
         8.23336e+00         1.39213e+02        -1.82748e+02
         8.23644e+00         1.39982e+02        -1.84221e+02
         8.23953e+00         1.53603e+02        -1.70461e+02
         8.24261e+00         1.61228e+02        -8.10411e+01
         8.24567e+00         1.50828e+02        -4.03751e+01
         8.24875e+00         1.49866e+02        -3.58330e+01
         8.25183e+00         1.55090e+02        -6.03135e+01
         8.25492e+00         1.50761e+02        -9.00871e+01
         8.25800e+00         1.51680e+02        -1.45822e+02
         8.26108e+00         1.52819e+02        -1.70350e+02
         8.26417e+00         1.61138e+02        -1.53787e+02
         8.26725e+00         1.54226e+02        -1.76955e+02
         8.27033e+00         1.44500e+02        -2.33396e+02
         8.27342e+00         1.36866e+02        -2.81906e+02
         8.27650e+00         1.18374e+02        -3.47922e+02
         8.27956e+00         1.11054e+02        -4.07380e+02
         8.28264e+00         1.25433e+02        -4.08588e+02
         8.28572e+00         1.30777e+02        -3.91243e+02
         8.28881e+00         1.40762e+02        -3.64692e+02
         8.29189e+00         1.48110e+02        -3.21546e+02
         8.29497e+00         1.47912e+02        -2.15384e+02
         8.29806e+00         1.46796e+02        -1.23857e+02
         8.30114e+00         1.54529e+02        -1.65636e+02
         8.30422e+00         1.36550e+02        -3.23474e+02
         8.30731e+00         1.33977e+02        -4.26354e+02
         8.31036e+00         1.60715e+02        -3.50835e+02
         8.31344e+00         1.64202e+02        -3.05493e+02
         8.31653e+00         1.70740e+02        -1.68046e+02
         8.31961e+00         1.51871e+02        -1.70691e+02
         8.32269e+00         1.47038e+02        -2.09943e+02
         8.32578e+00         1.38579e+02        -8.92770e+01
         8.32886e+00         1.36732e+02        -8.74935e+01
         8.33194e+00         1.61371e+02        -1.13049e+02
         8.33503e+00         1.60270e+02        -3.43488e+02
         8.33811e+00         1.50884e+02        -5.22526e+02
         8.34119e+00         1.72242e+02        -3.58613e+02
         8.34425e+00         1.63845e+02        -3.33097e+02
         8.34733e+00         1.71677e+02        -2.37269e+02
         8.35042e+00         1.53746e+02        -1.95203e+02
         8.35350e+00         1.65659e+02        -1.73068e+02
         8.35658e+00         1.64035e+02        -2.85787e+02
         8.35967e+00         1.25221e+02        -4.76819e+02
         8.36275e+00         9.44605e+01        -5.62877e+02
         8.36583e+00         9.57783e+01        -5.63477e+02
         8.36892e+00         1.35510e+02        -4.23672e+02
         8.37200e+00         1.53443e+02        -1.91602e+02
         8.37506e+00         1.19923e+02        -9.71638e+01
         8.37814e+00         1.43024e+02        -1.01506e+02
         8.38122e+00         1.50284e+02        -1.53621e+02
         8.38431e+00         1.42708e+02        -3.54103e+02
         8.38739e+00         1.21939e+02        -5.69189e+02
         8.39047e+00         1.31450e+02        -6.37687e+02
         8.39356e+00         1.52742e+02        -6.42597e+02
         8.39664e+00         1.47093e+02        -6.02050e+02
         8.39972e+00         1.54681e+02        -4.55575e+02
         8.40281e+00         1.72402e+02        -3.74087e+02
         8.40589e+00         1.74143e+02        -2.82960e+02
         8.40894e+00         1.63689e+02        -2.99044e+02
         8.41203e+00         1.42902e+02        -3.82603e+02
         8.41511e+00         1.20756e+02        -3.39401e+02
         8.41819e+00         1.27551e+02        -2.87662e+02
         8.42128e+00         1.19960e+02        -2.51466e+02
         8.42436e+00         1.24291e+02        -2.38086e+02
         8.42744e+00         1.30386e+02        -2.13449e+02
         8.43053e+00         1.37194e+02        -1.88616e+02
         8.43361e+00         1.39636e+02        -2.23586e+02
         8.43669e+00         1.54600e+02        -2.55574e+02
         8.43975e+00         1.56350e+02        -2.96586e+02
         8.44283e+00         1.36288e+02        -3.30218e+02
         8.44592e+00         1.48358e+02        -3.45275e+02
         8.44900e+00         1.58700e+02        -3.37546e+02
         8.45208e+00         1.61572e+02        -2.94903e+02
         8.45517e+00         1.58366e+02        -2.88605e+02
         8.45825e+00         1.42177e+02        -3.08876e+02
         8.46133e+00         1.41713e+02        -3.65246e+02
         8.46442e+00         1.45482e+02        -4.09713e+02
         8.46750e+00         1.46929e+02        -4.55007e+02
         8.47058e+00         1.30361e+02        -5.22107e+02
         8.47364e+00         1.37094e+02        -5.63380e+02
         8.47672e+00         1.70399e+02        -5.75697e+02
         8.47981e+00         1.75612e+02        -6.35923e+02
         8.48289e+00         1.79700e+02        -6.30482e+02
         8.48597e+00         1.67370e+02        -5.99533e+02
         8.48906e+00         1.54700e+02        -5.50250e+02
         8.49214e+00         1.59811e+02        -4.88955e+02
         8.49522e+00         1.69697e+02        -4.79564e+02
         8.49831e+00         1.73153e+02        -5.27070e+02
         8.50139e+00         1.71406e+02        -5.28964e+02
         8.50447e+00         1.50156e+02        -5.55833e+02
         8.50753e+00         1.25160e+02        -5.39194e+02
         8.51061e+00         1.18310e+02        -4.92326e+02
         8.51369e+00         1.17205e+02        -4.41952e+02
         8.51678e+00         1.18978e+02        -3.90825e+02
         8.51986e+00         1.17394e+02        -3.34854e+02
         8.52294e+00         1.06778e+02        -3.24963e+02
         8.52603e+00         1.10166e+02        -3.68026e+02
         8.52911e+00         1.26278e+02        -4.28103e+02
         8.53219e+00         1.46524e+02        -4.71876e+02
         8.53528e+00         1.58574e+02        -5.04951e+02
         8.53833e+00         1.58500e+02        -5.01668e+02
         8.54142e+00         1.47551e+02        -4.62799e+02
         8.54450e+00         1.25793e+02        -4.44453e+02
         8.54758e+00         9.91404e+01        -4.36064e+02
         8.55067e+00         8.73679e+01        -4.47069e+02
         8.55375e+00         1.04627e+02        -3.77287e+02
         8.55683e+00         1.34914e+02        -3.97756e+02
         8.55992e+00         1.46473e+02        -4.41930e+02
         8.56300e+00         1.35684e+02        -4.89297e+02
         8.56608e+00         1.25663e+02        -5.38938e+02
         8.56917e+00         9.48177e+01        -6.50639e+02
         8.57222e+00         1.06183e+02        -6.49636e+02
         8.57531e+00         1.40553e+02        -5.75423e+02
         8.57839e+00         1.72198e+02        -4.53462e+02
         8.58147e+00         2.20613e+02        -4.04025e+02
         8.58456e+00         2.23685e+02        -3.94287e+02
         8.58764e+00         1.85312e+02        -4.05076e+02
         8.59072e+00         9.25848e+01        -6.40635e+02
         8.59381e+00        -6.16645e+01        -7.87301e+02
         8.59689e+00        -7.34048e+01        -7.23125e+02
         8.59997e+00         3.06478e+01        -5.06532e+02
         8.60303e+00         1.31594e+02        -3.36069e+02
         8.60611e+00         2.12400e+02        -3.13921e+02
         8.60919e+00         2.18432e+02        -3.25187e+02
         8.61228e+00         1.93513e+02        -3.14495e+02
         8.61536e+00         1.55394e+02        -4.63577e+02
         8.61844e+00         6.36238e+01        -7.24811e+02
         8.62153e+00        -6.48068e-01        -7.87695e+02
         8.62461e+00        -1.13521e+01        -7.66084e+02
         8.62769e+00         7.11386e+01        -5.39609e+02
         8.63078e+00         1.25827e+02        -3.46134e+02
         8.63386e+00         1.42089e+02        -2.99941e+02
         8.63692e+00         1.69741e+02        -2.93139e+02
         8.64000e+00         1.77239e+02        -3.62247e+02
         8.64308e+00         1.55522e+02        -4.24146e+02
         8.64617e+00         1.17907e+02        -5.70958e+02
         8.64925e+00         9.13934e+01        -6.08623e+02
         8.65233e+00         9.66073e+01        -5.73602e+02
         8.65542e+00         1.11799e+02        -5.33820e+02
         8.65850e+00         1.32372e+02        -4.69244e+02
         8.66158e+00         1.51185e+02        -4.04981e+02
         8.66467e+00         1.62297e+02        -3.85359e+02
         8.66772e+00         1.69290e+02        -3.82961e+02
         8.67081e+00         1.73676e+02        -3.42978e+02
         8.67389e+00         1.68184e+02        -3.48338e+02
         8.67697e+00         1.75697e+02        -4.08903e+02
         8.68006e+00         1.79597e+02        -4.66015e+02
         8.68314e+00         1.81937e+02        -4.24333e+02
         8.68622e+00         1.73226e+02        -4.85726e+02
         8.68931e+00         1.65318e+02        -4.94479e+02
         8.69239e+00         1.85499e+02        -3.77631e+02
         8.69547e+00         1.79820e+02        -3.56236e+02
         8.69856e+00         1.82217e+02        -3.24805e+02
         8.70161e+00         1.81992e+02        -3.51105e+02
         8.70469e+00         1.72904e+02        -4.16128e+02
         8.70778e+00         1.68767e+02        -4.65715e+02
         8.71086e+00         1.84820e+02        -5.02155e+02
         8.71394e+00         1.87856e+02        -5.86190e+02
         8.71703e+00         1.86581e+02        -6.23073e+02
         8.72011e+00         1.74848e+02        -5.10391e+02
         8.72319e+00         1.84432e+02        -4.63599e+02
         8.72628e+00         1.84791e+02        -5.07216e+02
         8.72936e+00         1.81011e+02        -5.16051e+02
         8.73242e+00         1.81356e+02        -4.87072e+02
         8.73550e+00         1.71127e+02        -4.66550e+02
         8.73858e+00         1.96917e+02        -3.58666e+02
         8.74167e+00         1.98102e+02        -2.43143e+02
         8.74475e+00         1.89680e+02        -1.69402e+02
         8.74783e+00         1.69805e+02        -1.92660e+02
         8.75092e+00         1.62360e+02        -2.14133e+02
         8.75400e+00         1.69332e+02        -1.70201e+02
         8.75708e+00         1.66102e+02        -2.90451e+02
         8.76017e+00         1.73174e+02        -3.78601e+02
         8.76325e+00         1.58537e+02        -3.67399e+02
         8.76631e+00         1.54140e+02        -3.79207e+02
         8.76939e+00         1.77738e+02        -3.40583e+02
         8.77247e+00         1.71427e+02        -3.51416e+02
         8.77556e+00         1.73556e+02        -3.73373e+02
         8.77864e+00         1.66021e+02        -3.73833e+02
         8.78172e+00         1.78490e+02        -3.72003e+02
         8.78481e+00         1.76235e+02        -3.82358e+02
         8.78789e+00         1.87046e+02        -3.98945e+02
         8.79097e+00         2.11072e+02        -4.47251e+02
         8.79406e+00         2.09429e+02        -5.30991e+02
         8.79711e+00         2.12981e+02        -5.39057e+02
         8.80019e+00         2.15685e+02        -4.86305e+02
         8.80328e+00         1.94784e+02        -5.01015e+02
         8.80636e+00         1.59532e+02        -5.36522e+02
         8.80944e+00         1.57598e+02        -4.47557e+02
         8.81253e+00         1.73421e+02        -3.78911e+02
         8.81561e+00         1.93557e+02        -4.19705e+02
         8.81869e+00         2.02919e+02        -4.32207e+02
         8.82178e+00         1.74806e+02        -5.52693e+02
         8.82486e+00         1.44461e+02        -6.88402e+02
         8.82794e+00         1.83219e+02        -5.15688e+02
         8.83100e+00         2.04440e+02        -5.11996e+02
         8.83408e+00         2.20705e+02        -4.78621e+02
         8.83717e+00         2.15758e+02        -4.34070e+02
         8.84025e+00         1.79776e+02        -5.75943e+02
         8.84333e+00         1.53782e+02        -6.44002e+02
         8.84642e+00         1.78876e+02        -4.77176e+02
         8.84950e+00         1.84256e+02        -4.52202e+02
         8.85258e+00         1.93760e+02        -4.34733e+02
         8.85567e+00         2.05354e+02        -4.77010e+02
         8.85875e+00         1.89784e+02        -6.28902e+02
         8.86183e+00         1.65404e+02        -7.08982e+02
         8.86489e+00         1.56037e+02        -6.64647e+02
         8.86797e+00         1.75933e+02        -5.82994e+02
         8.87106e+00         2.07063e+02        -5.27529e+02
         8.87414e+00         2.17074e+02        -5.12879e+02
         8.87722e+00         1.67825e+02        -6.22157e+02
         8.88031e+00         1.12376e+02        -7.75227e+02
         8.88339e+00         1.22792e+02        -7.19133e+02
         8.88647e+00         1.78055e+02        -5.12262e+02
         8.88956e+00         2.08587e+02        -3.80376e+02
         8.89264e+00         2.19020e+02        -4.11408e+02
         8.89569e+00         1.64841e+02        -6.34186e+02
         8.89878e+00         1.39059e+02        -6.49142e+02
         8.90186e+00         1.37536e+02        -4.72974e+02
         8.90494e+00         1.40978e+02        -3.81552e+02
         8.90803e+00         1.64360e+02        -2.84690e+02
         8.91111e+00         1.77809e+02        -3.54128e+02
         8.91419e+00         1.80153e+02        -4.55098e+02
         8.91728e+00         1.66828e+02        -4.81819e+02
         8.92036e+00         1.72609e+02        -4.20344e+02
         8.92344e+00         1.78297e+02        -4.11691e+02
         8.92653e+00         1.89646e+02        -3.70217e+02
         8.92958e+00         1.88332e+02        -4.40246e+02
         8.93267e+00         1.60291e+02        -5.21765e+02
         8.93575e+00         1.50591e+02        -4.62744e+02
         8.93883e+00         1.70690e+02        -3.51143e+02
         8.94192e+00         2.01371e+02        -3.67756e+02
         8.94500e+00         1.99803e+02        -4.60113e+02
         8.94808e+00         1.71414e+02        -5.80894e+02
         8.95117e+00         1.46188e+02        -6.35482e+02
         8.95425e+00         1.45781e+02        -5.67769e+02
         8.95733e+00         1.60003e+02        -4.13050e+02
         8.96039e+00         1.76392e+02        -4.01998e+02
         8.96347e+00         1.90901e+02        -4.48945e+02
         8.96656e+00         1.78580e+02        -5.54702e+02
         8.96964e+00         1.67127e+02        -6.06795e+02
         8.97272e+00         1.56094e+02        -5.99372e+02
         8.97581e+00         1.70244e+02        -5.88339e+02
         8.97889e+00         1.81295e+02        -5.97758e+02
         8.98197e+00         2.15931e+02        -5.37035e+02
         8.98506e+00         2.17269e+02        -5.32902e+02
         8.98814e+00         2.07606e+02        -5.30426e+02
         8.99122e+00         1.92806e+02        -5.97192e+02
         8.99428e+00         1.77158e+02        -6.05817e+02
         8.99736e+00         1.71089e+02        -5.76929e+02
         9.00044e+00         1.65244e+02        -5.34871e+02
         9.00353e+00         1.68224e+02        -4.98227e+02
         9.00661e+00         1.58086e+02        -4.78418e+02
         9.00969e+00         1.53045e+02        -4.78079e+02
         9.01278e+00         1.04583e+02        -5.72483e+02
         9.01586e+00         1.18211e+02        -5.50899e+02
         9.01894e+00         1.40723e+02        -4.73790e+02
         9.02203e+00         1.46223e+02        -5.09661e+02
         9.02508e+00         1.75122e+02        -5.06929e+02
         9.02817e+00         1.89057e+02        -5.20389e+02
         9.03125e+00         2.01479e+02        -4.95870e+02
         9.03433e+00         1.97533e+02        -4.54227e+02
         9.03742e+00         1.96163e+02        -4.31956e+02
         9.04050e+00         1.86002e+02        -4.23229e+02
         9.04358e+00         1.77921e+02        -4.35242e+02
         9.04667e+00         1.56235e+02        -4.86186e+02
         9.04975e+00         1.77957e+02        -4.52974e+02
         9.05283e+00         1.89181e+02        -4.74636e+02
         9.05592e+00         2.08083e+02        -4.56760e+02
         9.05897e+00         1.80578e+02        -5.08444e+02
         9.06206e+00         1.39104e+02        -5.10389e+02
         9.06514e+00         1.70697e+02        -4.75751e+02
         9.06822e+00         1.94674e+02        -4.42205e+02
         9.07131e+00         2.02711e+02        -4.74696e+02
         9.07439e+00         2.36394e+02        -5.86833e+02
         9.07747e+00         1.89808e+02        -7.14665e+02
         9.08056e+00         1.81343e+02        -7.90593e+02
         9.08364e+00         1.72026e+02        -7.61548e+02
         9.08672e+00         2.09128e+02        -7.59249e+02
         9.08978e+00         2.28424e+02        -7.52950e+02
         9.09286e+00         1.73383e+02        -8.18051e+02
         9.09594e+00         5.36468e+01        -8.41630e+02
         9.09903e+00         1.16166e+02        -7.81186e+02
         9.10211e+00         1.35435e+02        -7.76756e+02
         9.10519e+00         1.59240e+02        -8.11870e+02
         9.10828e+00         1.45184e+02        -8.72357e+02
         9.11136e+00         1.45676e+02        -8.24285e+02
         9.11444e+00         1.67891e+02        -7.64135e+02
         9.11753e+00         1.64041e+02        -7.73716e+02
         9.12061e+00         1.39373e+02        -8.08749e+02
         9.12367e+00         1.25044e+02        -8.15785e+02
         9.12675e+00         1.31132e+02        -8.06832e+02
         9.12983e+00         1.50049e+02        -8.26105e+02
         9.13292e+00         1.57701e+02        -8.59333e+02
         9.13600e+00         1.65200e+02        -9.12170e+02
         9.13908e+00         1.61051e+02        -9.33666e+02
         9.14217e+00         1.16753e+02        -8.96515e+02
         9.14525e+00         1.28009e+02        -8.43222e+02
         9.14833e+00         1.26308e+02        -8.42568e+02
         9.15142e+00         1.16068e+02        -7.81269e+02
         9.15447e+00         1.21109e+02        -7.93751e+02
         9.15756e+00         1.28374e+02        -7.81375e+02
         9.16064e+00         1.40735e+02        -7.33528e+02
         9.16372e+00         1.50837e+02        -7.23405e+02
         9.16681e+00         1.48739e+02        -7.30304e+02
         9.16989e+00         1.43238e+02        -6.83177e+02
         9.17297e+00         1.28077e+02        -5.99784e+02
         9.17606e+00         1.43358e+02        -6.11956e+02
         9.17914e+00         1.67586e+02        -6.73838e+02
         9.18222e+00         1.65066e+02        -7.08951e+02
         9.18531e+00         1.51529e+02        -7.20536e+02
         9.18836e+00         1.44827e+02        -6.77916e+02
         9.19144e+00         1.51306e+02        -6.96945e+02
         9.19453e+00         1.68843e+02        -6.63193e+02
         9.19761e+00         1.87164e+02        -6.95779e+02
         9.20069e+00         1.83675e+02        -7.43523e+02
         9.20378e+00         1.55944e+02        -7.12856e+02
         9.20686e+00         9.23878e+01        -4.96115e+02
         9.20994e+00         1.35230e+02        -6.10626e+02
         9.21303e+00         1.15234e+02        -6.38293e+02
         9.21611e+00         1.65547e+02        -6.66649e+02
         9.21919e+00         1.43657e+02        -6.04079e+02
         9.22225e+00         1.50631e+02        -6.10991e+02
         9.22533e+00         1.41260e+02        -5.92711e+02
         9.22842e+00         8.08977e+01        -4.81095e+02
         9.23150e+00         7.98249e+01        -5.96231e+02
         9.23458e+00         4.04067e+01        -5.05719e+02
         9.23767e+00         4.43511e+01        -4.63257e+02
         9.24075e+00         2.34315e+01        -4.01300e+02
         9.24383e+00         2.33659e+01        -3.98539e+02
         9.24692e+00         2.30298e+01        -3.88853e+02
         9.25000e+00         2.73970e+01        -3.92763e+02
         9.25306e+00         1.83682e+01        -3.24512e+02
         9.25614e+00         3.16559e+01        -3.18867e+02
         9.25922e+00         3.66155e+01        -3.26529e+02
         9.26231e+00         2.47042e+01        -3.20120e+02
         9.26539e+00         2.11502e+01        -3.24958e+02
         9.26847e+00        -2.87952e+00        -2.92610e+02
         9.27156e+00         1.87478e+01        -2.95789e+02
         9.27464e+00         4.49879e+01        -3.20267e+02
         9.27772e+00         4.96287e+01        -3.37144e+02
         9.28081e+00         1.06169e+01        -3.06403e+02
         9.28389e+00         6.93593e+00        -2.63975e+02
         9.28694e+00         1.87134e+01        -2.57234e+02
         9.29003e+00         1.99341e+01        -2.77336e+02
         9.29311e+00         3.83507e+01        -2.44017e+02
         9.29619e+00         4.45749e+01        -2.46125e+02
         9.29928e+00         4.33281e+01        -2.28234e+02
         9.30236e+00         1.10750e+01        -2.46251e+02
         9.30544e+00         3.01177e+00        -2.26479e+02
         9.30853e+00         3.90256e+01        -2.40062e+02
         9.31161e+00         5.69478e+01        -2.03932e+02
         9.31469e+00         6.58096e+01        -2.29238e+02
         9.31775e+00         6.20069e+01        -2.51862e+02
         9.32083e+00         6.64042e+01        -2.51068e+02
         9.32392e+00         4.71729e+01        -2.23841e+02
         9.32700e+00         7.04961e+01        -2.35265e+02
         9.33008e+00         3.90679e+01        -2.24312e+02
         9.33317e+00         3.62968e+01        -2.07675e+02
         9.33625e+00         1.32222e+01        -2.09567e+02
         9.33933e+00         5.03273e+00        -2.02171e+02
         9.34242e+00         5.17243e+01        -2.24595e+02
         9.34550e+00         9.33661e+01        -2.01651e+02
         9.34858e+00         1.20697e+01        -2.01368e+02
         9.35164e+00        -3.09963e+01        -1.45817e+02
         9.35472e+00         2.64469e+00        -1.71960e+02
         9.35781e+00         3.41214e+01        -1.68507e+02
         9.36089e+00         7.22978e+01        -1.77831e+02
         9.36397e+00         5.99817e+01        -2.33941e+02
         9.36706e+00         3.20982e+01        -1.88059e+02
         9.37014e+00        -1.17369e+00        -1.99534e+02
         9.37322e+00         3.83009e+01        -1.91213e+02
         9.37631e+00         4.85530e-01        -2.16912e+02
         9.37939e+00         2.28939e+01        -1.89050e+02
         9.38244e+00         2.73569e+01        -1.88522e+02
         9.38553e+00         5.64977e+01        -1.95224e+02
         9.38861e+00         5.32060e+01        -2.08930e+02
         9.39169e+00         3.65846e+01        -2.10130e+02
         9.39478e+00         3.37934e+01        -1.99438e+02
         9.39786e+00         2.42528e+01        -1.90232e+02
         9.40094e+00         4.16153e+01        -1.80187e+02
         9.40403e+00         3.57151e+01        -1.84382e+02
         9.40711e+00         3.27907e+01        -1.77913e+02
         9.41019e+00         3.13942e+01        -1.83349e+02
         9.41328e+00         2.41151e+01        -1.85900e+02
         9.41633e+00         1.74809e+01        -1.72917e+02
         9.41942e+00         4.67282e+01        -1.54247e+02
         9.42250e+00         5.10192e+01        -1.66914e+02
         9.42558e+00         3.64716e+01        -1.60619e+02
         9.42867e+00         3.74901e+01        -1.58602e+02
         9.43175e+00         5.03355e+01        -1.51724e+02
         9.43483e+00         3.28228e+01        -1.62981e+02
         9.43792e+00         1.82983e+01        -1.54162e+02
         9.44100e+00         4.02507e+01        -1.34173e+02
         9.44408e+00         6.01156e+01        -1.28583e+02
         9.44717e+00         5.38122e+01        -1.25822e+02
         9.45022e+00         3.46514e+01        -1.40874e+02
         9.45331e+00         1.86258e+01        -1.44786e+02
         9.45639e+00         2.39594e+01        -1.29601e+02
         9.45947e+00         3.02909e+01        -1.35654e+02
         9.46256e+00         3.71533e+01        -1.42539e+02
         9.46564e+00         4.26672e+01        -1.40806e+02
         9.46872e+00         4.19294e+01        -1.39321e+02
         9.47181e+00         4.43420e+01        -1.33608e+02
         9.47489e+00         4.63589e+01        -1.33105e+02
         9.47797e+00         4.00861e+01        -1.42771e+02
         9.48103e+00         3.90637e+01        -1.38665e+02
         9.48411e+00         3.88703e+01        -1.40197e+02
         9.48719e+00         4.73049e+01        -1.45597e+02
         9.49028e+00         4.76709e+01        -1.53088e+02
         9.49336e+00         3.91882e+01        -1.56478e+02
         9.49644e+00         4.08862e+01        -1.47580e+02
         9.49953e+00         5.04565e+01        -1.52399e+02
