         6.50046e+00        -6.46486e+00
         6.50354e+00        -6.40531e+00
         6.50662e+00        -6.38098e+00
         6.50970e+00        -6.43084e+00
         6.51279e+00        -6.44225e+00
         6.51587e+00        -6.20280e+00
         6.51895e+00        -5.98929e+00
         6.52203e+00        -6.02395e+00
         6.52511e+00        -6.20350e+00
         6.52819e+00        -6.31922e+00
         6.53127e+00        -6.45373e+00
         6.53435e+00        -6.44326e+00
         6.53743e+00        -6.39463e+00
         6.54051e+00        -6.30351e+00
         6.54359e+00        -6.34194e+00
         6.54667e+00        -6.41989e+00
         6.54975e+00        -6.42731e+00
         6.55283e+00        -6.43602e+00
         6.55591e+00        -6.42063e+00
         6.55900e+00        -6.42239e+00
         6.56208e+00        -6.58368e+00
         6.56516e+00        -6.57824e+00
         6.56824e+00        -6.59473e+00
         6.57132e+00        -6.55550e+00
         6.57440e+00        -6.57677e+00
         6.57748e+00        -6.60348e+00
         6.58056e+00        -6.52025e+00
         6.58364e+00        -6.43809e+00
         6.58672e+00        -6.46637e+00
         6.58980e+00        -6.43803e+00
         6.59288e+00        -6.47843e+00
         6.59596e+00        -6.46521e+00
         6.59904e+00        -6.53170e+00
         6.60213e+00        -6.44418e+00
         6.60521e+00        -6.38381e+00
         6.60829e+00        -6.36236e+00
         6.61137e+00        -6.37821e+00
         6.61445e+00        -6.44042e+00
         6.61753e+00        -6.46998e+00
         6.62061e+00        -6.47087e+00
         6.62369e+00        -6.54481e+00
         6.62677e+00        -6.66444e+00
         6.62985e+00        -6.69295e+00
         6.63293e+00        -6.72507e+00
         6.63601e+00        -6.76980e+00
         6.63909e+00        -6.82500e+00
         6.64217e+00        -6.85319e+00
         6.64526e+00        -6.88156e+00
         6.64834e+00        -6.88474e+00
         6.65142e+00        -6.88896e+00
         6.65450e+00        -7.02639e+00
         6.65758e+00        -7.07794e+00
         6.66066e+00        -7.15061e+00
         6.66374e+00        -7.04472e+00
         6.66682e+00        -7.07338e+00
         6.66990e+00        -7.22494e+00
         6.67298e+00        -7.23760e+00
         6.67606e+00        -7.21550e+00
         6.67914e+00        -7.21375e+00
         6.68222e+00        -7.22601e+00
         6.68530e+00        -7.23926e+00
         6.68839e+00        -7.28164e+00
         6.69147e+00        -7.32018e+00
         6.69455e+00        -7.32111e+00
         6.69763e+00        -7.33528e+00
         6.70071e+00        -7.45073e+00
         6.70379e+00        -7.47609e+00
         6.70687e+00        -7.41480e+00
         6.70995e+00        -7.46442e+00
         6.71303e+00        -7.43126e+00
         6.71611e+00        -7.42206e+00
         6.71919e+00        -7.47561e+00
         6.72227e+00        -7.55161e+00
         6.72535e+00        -7.65745e+00
         6.72843e+00        -7.75270e+00
         6.73152e+00        -7.79968e+00
         6.73460e+00        -7.79950e+00
         6.73768e+00        -7.84464e+00
         6.74076e+00        -7.83997e+00
         6.74384e+00        -7.72202e+00
         6.74692e+00        -7.54754e+00
         6.75000e+00        -7.54555e+00
         6.75308e+00        -7.80366e+00
         6.75616e+00        -7.83831e+00
         6.75924e+00        -7.87838e+00
         6.76232e+00        -8.03962e+00
         6.76540e+00        -7.97507e+00
         6.76848e+00        -8.08591e+00
         6.77156e+00        -8.11946e+00
         6.77464e+00        -8.02032e+00
         6.77773e+00        -8.06238e+00
         6.78081e+00        -8.02892e+00
         6.78389e+00        -8.27342e+00
         6.78697e+00        -8.14284e+00
         6.79005e+00        -8.22987e+00
         6.79313e+00        -8.15451e+00
         6.79621e+00        -8.19604e+00
         6.79929e+00        -8.17594e+00
         6.80237e+00        -8.09011e+00
         6.80545e+00        -8.03454e+00
         6.80853e+00        -8.07418e+00
         6.81161e+00        -8.82245e+00
         6.81469e+00        -8.54310e+00
         6.81777e+00        -8.40181e+00
         6.82086e+00        -8.42731e+00
         6.82394e+00        -8.44701e+00
         6.82702e+00        -8.66419e+00
         6.83010e+00        -8.60165e+00
         6.83318e+00        -8.47855e+00
         6.83626e+00        -8.16435e+00
         6.83934e+00        -8.42439e+00
         6.84242e+00        -8.56976e+00
         6.84550e+00        -8.68027e+00
         6.84858e+00        -8.44024e+00
         6.85166e+00        -8.43687e+00
         6.85474e+00        -8.44498e+00
         6.85782e+00        -8.53655e+00
         6.86090e+00        -8.47591e+00
         6.86399e+00        -8.59420e+00
         6.86707e+00        -8.41603e+00
         6.87015e+00        -8.46173e+00
         6.87323e+00        -8.63025e+00
         6.87631e+00        -8.41437e+00
         6.87939e+00        -8.31907e+00
         6.88247e+00        -8.21582e+00
         6.88555e+00        -8.29429e+00
         6.88863e+00        -8.39938e+00
         6.89171e+00        -8.49764e+00
         6.89479e+00        -8.50519e+00
         6.89787e+00        -8.51172e+00
         6.90095e+00        -8.54388e+00
         6.90403e+00        -8.30658e+00
         6.90712e+00        -8.25056e+00
         6.91020e+00        -8.32356e+00
         6.91328e+00        -8.37484e+00
         6.91636e+00        -8.50488e+00
         6.91944e+00        -8.50314e+00
         6.92252e+00        -8.40296e+00
         6.92560e+00        -8.32280e+00
         6.92868e+00        -8.24614e+00
         6.93176e+00        -8.17168e+00
         6.93484e+00        -8.19811e+00
         6.93792e+00        -8.11409e+00
         6.94100e+00        -8.05809e+00
         6.94408e+00        -7.98383e+00
         6.94716e+00        -7.99387e+00
         6.95024e+00        -8.12692e+00
         6.95333e+00        -8.17656e+00
         6.95641e+00        -8.19275e+00
         6.95949e+00        -8.22520e+00
         6.96257e+00        -8.13053e+00
         6.96565e+00        -8.18362e+00
         6.96873e+00        -8.21953e+00
         6.97181e+00        -8.28970e+00
         6.97489e+00        -8.21763e+00
         6.97797e+00        -8.31816e+00
         6.98105e+00        -8.30935e+00
         6.98413e+00        -8.18058e+00
         6.98721e+00        -8.68043e+00
         6.99029e+00        -8.81654e+00
         6.99337e+00        -8.93953e+00
         6.99646e+00        -8.73829e+00
         6.99954e+00        -8.47274e+00
         7.00262e+00        -8.53263e+00
         7.00570e+00        -8.79790e+00
         7.00878e+00        -8.84703e+00
         7.01186e+00        -8.62808e+00
         7.01494e+00        -8.66982e+00
         7.01802e+00        -8.77965e+00
         7.02110e+00        -8.73376e+00
         7.02418e+00        -8.89665e+00
         7.02726e+00        -8.76199e+00
         7.03034e+00        -8.62721e+00
         7.03342e+00        -8.56224e+00
         7.03650e+00        -8.59679e+00
         7.03959e+00        -8.65118e+00
         7.04267e+00        -8.37288e+00
         7.04575e+00        -8.42827e+00
         7.04883e+00        -8.72254e+00
         7.05191e+00        -8.90922e+00
         7.05499e+00        -9.07386e+00
         7.05807e+00        -9.04604e+00
         7.06115e+00        -8.87310e+00
         7.06423e+00        -8.64317e+00
         7.06731e+00        -8.72309e+00
         7.07039e+00        -8.61263e+00
         7.07347e+00        -8.65531e+00
         7.07655e+00        -8.60723e+00
         7.07963e+00        -8.56326e+00
         7.08272e+00        -8.49754e+00
         7.08580e+00        -8.50211e+00
         7.08888e+00        -8.47524e+00
         7.09196e+00        -8.46989e+00
         7.09504e+00        -8.41113e+00
         7.09812e+00        -8.39242e+00
         7.10120e+00        -8.23152e+00
         7.10428e+00        -8.34383e+00
         7.10736e+00        -8.49016e+00
         7.11044e+00        -8.47770e+00
         7.11352e+00        -8.39500e+00
         7.11660e+00        -8.34253e+00
         7.11968e+00        -8.42723e+00
         7.12276e+00        -8.51521e+00
         7.12584e+00        -8.55835e+00
         7.12893e+00        -8.45270e+00
         7.13201e+00        -8.47116e+00
         7.13509e+00        -8.41025e+00
         7.13817e+00        -8.49940e+00
         7.14125e+00        -8.43669e+00
         7.14433e+00        -8.58026e+00
         7.14741e+00        -8.39005e+00
         7.15049e+00        -8.35850e+00
         7.15357e+00        -8.37816e+00
         7.15665e+00        -8.45443e+00
         7.15973e+00        -8.46819e+00
         7.16281e+00        -8.46563e+00
         7.16589e+00        -8.47443e+00
         7.16897e+00        -8.35253e+00
         7.17206e+00        -8.41156e+00
         7.17514e+00        -8.45517e+00
         7.17822e+00        -8.43035e+00
         7.18130e+00        -8.54556e+00
         7.18438e+00        -8.55164e+00
         7.18746e+00        -8.47902e+00
         7.19054e+00        -8.48029e+00
         7.19362e+00        -8.49255e+00
         7.19670e+00        -8.54201e+00
         7.19978e+00        -8.50245e+00
         7.20286e+00        -8.49386e+00
         7.20594e+00        -8.53838e+00
         7.20902e+00        -8.52014e+00
         7.21210e+00        -8.37464e+00
         7.21519e+00        -8.52014e+00
         7.21827e+00        -8.60365e+00
         7.22135e+00        -8.60770e+00
         7.22443e+00        -8.64887e+00
         7.22751e+00        -8.57477e+00
         7.23059e+00        -8.63396e+00
         7.23367e+00        -8.62027e+00
         7.23675e+00        -8.53122e+00
         7.23983e+00        -8.72202e+00
         7.24291e+00        -8.64363e+00
         7.24599e+00        -8.69954e+00
         7.24907e+00        -8.64161e+00
         7.25215e+00        -8.68180e+00
         7.25523e+00        -8.54167e+00
         7.25832e+00        -8.41052e+00
         7.26140e+00        -8.40731e+00
         7.26448e+00        -7.99457e+00
         7.26756e+00        -7.96468e+00
         7.27064e+00        -8.16870e+00
         7.27372e+00        -7.95758e+00
         7.27680e+00        -8.18012e+00
         7.27988e+00        -8.30742e+00
         7.28296e+00        -8.29202e+00
         7.28604e+00        -8.31183e+00
         7.28912e+00        -8.46008e+00
         7.29220e+00        -8.66032e+00
         7.29528e+00        -8.50999e+00
         7.29836e+00        -8.38829e+00
         7.30144e+00        -8.70104e+00
         7.30453e+00        -8.71747e+00
         7.30761e+00        -8.87857e+00
         7.31069e+00        -8.78790e+00
         7.31377e+00        -8.69689e+00
         7.31685e+00        -8.84658e+00
         7.31993e+00        -8.90484e+00
         7.32301e+00        -8.71992e+00
         7.32609e+00        -8.99114e+00
         7.32917e+00        -8.91443e+00
         7.33225e+00        -8.76582e+00
         7.33533e+00        -8.76438e+00
         7.33841e+00        -8.70990e+00
         7.34149e+00        -8.78377e+00
         7.34457e+00        -8.42050e+00
         7.34766e+00        -8.45178e+00
         7.35074e+00        -8.56570e+00
         7.35382e+00        -8.08421e+00
         7.35690e+00        -8.40875e+00
         7.35998e+00        -8.70042e+00
         7.36306e+00        -8.68538e+00
         7.36614e+00        -8.65782e+00
         7.36922e+00        -8.69186e+00
         7.37230e+00        -8.73640e+00
         7.37538e+00        -8.68173e+00
         7.37846e+00        -8.58146e+00
         7.38154e+00        -8.57178e+00
         7.38462e+00        -8.62612e+00
         7.38770e+00        -8.47783e+00
         7.39079e+00        -8.15989e+00
         7.39387e+00        -7.74177e+00
         7.39695e+00        -8.39706e+00
         7.40003e+00        -7.73362e+00
         7.40311e+00        -7.65182e+00
         7.40619e+00        -7.67620e+00
         7.40927e+00        -8.00385e+00
         7.41235e+00        -8.15625e+00
         7.41543e+00        -8.17986e+00
         7.41851e+00        -8.31085e+00
         7.42159e+00        -8.19779e+00
         7.42467e+00        -8.24885e+00
         7.42775e+00        -8.03643e+00
         7.43083e+00        -7.92092e+00
         7.43392e+00        -8.02436e+00
         7.43700e+00        -8.34370e+00
         7.44008e+00        -8.11810e+00
         7.44316e+00        -8.32355e+00
         7.44624e+00        -8.32619e+00
         7.44932e+00        -8.50779e+00
         7.45240e+00        -8.38853e+00
         7.45548e+00        -8.59249e+00
         7.45856e+00        -8.74047e+00
         7.46164e+00        -8.68173e+00
         7.46472e+00        -8.60907e+00
         7.46780e+00        -8.74356e+00
         7.47088e+00        -8.81066e+00
         7.47396e+00        -8.13562e+00
         7.47704e+00        -8.18535e+00
         7.48013e+00        -7.93253e+00
         7.48321e+00        -7.78442e+00
         7.48629e+00        -7.79941e+00
         7.48937e+00        -7.85676e+00
         7.49245e+00        -7.48122e+00
         7.49553e+00        -7.59445e+00
         7.49861e+00        -8.29747e+00
         7.50169e+00        -8.84637e+00
         7.50477e+00        -8.83779e+00
         7.50785e+00        -8.59082e+00
         7.51093e+00        -8.72815e+00
         7.51401e+00        -8.80125e+00
         7.51709e+00        -8.54041e+00
         7.52017e+00        -8.25884e+00
         7.52326e+00        -8.12814e+00
         7.52634e+00        -8.12721e+00
         7.52942e+00        -8.06271e+00
         7.53250e+00        -8.16346e+00
         7.53558e+00        -8.15056e+00
         7.53866e+00        -8.19167e+00
         7.54174e+00        -8.22045e+00
         7.54482e+00        -8.34455e+00
         7.54790e+00        -8.10326e+00
         7.55098e+00        -8.11034e+00
         7.55406e+00        -8.23615e+00
         7.55714e+00        -8.53464e+00
         7.56022e+00        -8.73188e+00
         7.56330e+00        -8.75602e+00
         7.56639e+00        -8.71592e+00
         7.56947e+00        -8.56743e+00
         7.57255e+00        -8.49367e+00
         7.57563e+00        -8.33244e+00
         7.57871e+00        -8.06017e+00
         7.58179e+00        -8.05812e+00
         7.58487e+00        -8.12189e+00
         7.58795e+00        -8.17979e+00
         7.59103e+00        -8.13036e+00
         7.59411e+00        -8.06756e+00
         7.59719e+00        -7.96335e+00
         7.60027e+00        -7.87303e+00
         7.60335e+00        -7.87388e+00
         7.60643e+00        -8.00508e+00
         7.60952e+00        -8.04023e+00
         7.61260e+00        -8.04689e+00
         7.61568e+00        -8.03081e+00
         7.61876e+00        -8.01934e+00
         7.62184e+00        -7.94077e+00
         7.62492e+00        -8.11920e+00
         7.62800e+00        -8.19518e+00
         7.63108e+00        -8.21169e+00
         7.63416e+00        -8.18995e+00
         7.63724e+00        -7.92177e+00
         7.64032e+00        -7.55789e+00
         7.64340e+00        -7.17560e+00
         7.64648e+00        -7.26403e+00
         7.64956e+00        -7.15861e+00
         7.65264e+00        -7.16357e+00
         7.65573e+00        -7.16505e+00
         7.65881e+00        -7.03301e+00
         7.66189e+00        -6.75480e+00
         7.66497e+00        -6.71371e+00
         7.66805e+00        -6.79116e+00
         7.67113e+00        -7.13876e+00
         7.67421e+00        -7.07687e+00
         7.67729e+00        -6.82498e+00
         7.68037e+00        -6.90558e+00
         7.68345e+00        -7.00018e+00
         7.68653e+00        -7.12887e+00
         7.68961e+00        -7.00646e+00
         7.69269e+00        -7.02316e+00
         7.69577e+00        -7.18145e+00
         7.69886e+00        -7.10377e+00
         7.70194e+00        -7.22623e+00
         7.70502e+00        -7.07730e+00
         7.70810e+00        -7.03874e+00
         7.71118e+00        -7.05688e+00
         7.71426e+00        -7.05845e+00
         7.71734e+00        -7.16532e+00
         7.72042e+00        -6.96768e+00
         7.72350e+00        -6.97309e+00
         7.72658e+00        -6.98299e+00
         7.72966e+00        -6.92249e+00
         7.73274e+00        -6.91318e+00
         7.73582e+00        -6.91010e+00
         7.73890e+00        -6.83997e+00
         7.74199e+00        -6.80322e+00
         7.74507e+00        -6.78056e+00
         7.74815e+00        -6.86238e+00
         7.75123e+00        -6.92096e+00
         7.75431e+00        -6.91565e+00
         7.75739e+00        -6.80566e+00
         7.76047e+00        -6.60126e+00
         7.76355e+00        -6.62755e+00
         7.76663e+00        -6.67798e+00
         7.76971e+00        -6.79040e+00
         7.77279e+00        -6.79551e+00
         7.77587e+00        -7.02322e+00
         7.77895e+00        -6.99859e+00
         7.78203e+00        -6.97484e+00
         7.78511e+00        -7.01183e+00
         7.78820e+00        -7.12552e+00
         7.79128e+00        -7.22127e+00
         7.79436e+00        -7.32429e+00
         7.79744e+00        -7.16677e+00
         7.80052e+00        -6.83752e+00
         7.80360e+00        -6.83509e+00
         7.80668e+00        -6.75546e+00
         7.80976e+00        -6.61349e+00
         7.81284e+00        -6.62386e+00
         7.81592e+00        -6.64925e+00
         7.81900e+00        -6.60998e+00
         7.82208e+00        -6.67370e+00
         7.82516e+00        -6.71718e+00
         7.82824e+00        -6.99983e+00
         7.83133e+00        -7.08593e+00
         7.83441e+00        -7.01649e+00
         7.83749e+00        -6.90273e+00
         7.84057e+00        -7.03717e+00
         7.84365e+00        -6.68525e+00
         7.84673e+00        -6.52484e+00
         7.84981e+00        -6.89503e+00
         7.85289e+00        -6.73790e+00
         7.85597e+00        -6.76573e+00
         7.85905e+00        -6.59512e+00
         7.86213e+00        -6.57564e+00
         7.86521e+00        -6.74762e+00
         7.86829e+00        -6.61495e+00
         7.87137e+00        -6.65343e+00
         7.87446e+00        -6.69129e+00
         7.87754e+00        -6.65535e+00
         7.88062e+00        -6.65575e+00
         7.88370e+00        -6.84957e+00
         7.88678e+00        -7.08240e+00
         7.88986e+00        -7.34697e+00
         7.89294e+00        -6.97752e+00
         7.89602e+00        -6.99491e+00
         7.89910e+00        -6.98667e+00
         7.90218e+00        -7.02205e+00
         7.90526e+00        -7.28631e+00
         7.90834e+00        -7.26011e+00
         7.91142e+00        -7.04140e+00
         7.91450e+00        -6.38935e+00
         7.91759e+00        -6.47437e+00
         7.92067e+00        -6.69883e+00
         7.92375e+00        -6.92707e+00
         7.92683e+00        -6.94479e+00
         7.92991e+00        -6.87802e+00
         7.93299e+00        -6.92754e+00
         7.93607e+00        -6.69770e+00
         7.93915e+00        -6.94086e+00
         7.94223e+00        -7.06643e+00
         7.94531e+00        -6.75497e+00
         7.94839e+00        -6.63354e+00
         7.95147e+00        -6.39020e+00
         7.95455e+00        -6.36552e+00
         7.95763e+00        -6.36428e+00
         7.96071e+00        -6.38042e+00
         7.96380e+00        -6.48397e+00
         7.96688e+00        -6.47040e+00
         7.96996e+00        -6.37226e+00
         7.97304e+00        -6.33311e+00
         7.97612e+00        -6.20886e+00
         7.97920e+00        -6.20601e+00
         7.98228e+00        -6.17278e+00
         7.98536e+00        -6.17027e+00
         7.98844e+00        -6.22719e+00
         7.99152e+00        -6.19705e+00
         7.99460e+00        -6.23760e+00
         7.99768e+00        -6.20058e+00
         8.00076e+00        -6.17451e+00
         8.00384e+00        -6.19684e+00
         8.00693e+00        -6.17563e+00
         8.01001e+00        -6.21152e+00
         8.01309e+00        -6.20453e+00
         8.01617e+00        -6.18177e+00
         8.01925e+00        -6.14764e+00
         8.02233e+00        -6.20636e+00
         8.02541e+00        -6.19767e+00
         8.02849e+00        -6.14311e+00
         8.03157e+00        -6.16796e+00
         8.03465e+00        -6.25036e+00
         8.03773e+00        -6.24526e+00
         8.04081e+00        -6.22393e+00
         8.04389e+00        -6.27057e+00
         8.04697e+00        -6.29323e+00
         8.05006e+00        -6.26562e+00
         8.05314e+00        -6.26653e+00
         8.05622e+00        -6.29529e+00
         8.05930e+00        -6.30468e+00
         8.06238e+00        -6.31313e+00
         8.06546e+00        -6.27530e+00
         8.06854e+00        -6.30017e+00
         8.07162e+00        -6.29650e+00
         8.07470e+00        -6.31914e+00
         8.07778e+00        -6.31925e+00
         8.08086e+00        -6.32786e+00
         8.08394e+00        -6.33049e+00
         8.08702e+00        -6.33649e+00
         8.09010e+00        -6.35414e+00
         8.09318e+00        -6.36413e+00
         8.09627e+00        -6.36089e+00
         8.09935e+00        -6.38515e+00
         8.10243e+00        -6.46402e+00
         8.10551e+00        -6.50456e+00
         8.10859e+00        -6.51638e+00
         8.11167e+00        -6.45169e+00
         8.11475e+00        -6.42315e+00
         8.11783e+00        -6.40365e+00
         8.12091e+00        -6.43934e+00
         8.12399e+00        -6.46835e+00
         8.12707e+00        -6.46480e+00
         8.13015e+00        -6.42471e+00
         8.13323e+00        -6.39662e+00
         8.13631e+00        -6.39216e+00
         8.13940e+00        -6.38069e+00
         8.14248e+00        -6.38159e+00
         8.14556e+00        -6.38935e+00
         8.14864e+00        -6.37745e+00
         8.15172e+00        -6.36643e+00
         8.15480e+00        -6.35388e+00
         8.15788e+00        -6.33235e+00
         8.16096e+00        -6.31530e+00
         8.16404e+00        -6.27637e+00
         8.16712e+00        -6.26691e+00
         8.17020e+00        -6.27334e+00
         8.17328e+00        -6.26993e+00
         8.17636e+00        -6.27933e+00
         8.17944e+00        -6.27926e+00
         8.18253e+00        -6.27795e+00
         8.18561e+00        -6.28395e+00
         8.18869e+00        -6.29468e+00
         8.19177e+00        -6.31225e+00
         8.19485e+00        -6.35051e+00
         8.19793e+00        -6.38695e+00
         8.20101e+00        -6.37927e+00
         8.20409e+00        -6.36468e+00
         8.20717e+00        -6.38545e+00
         8.21025e+00        -6.38575e+00
         8.21333e+00        -6.34323e+00
         8.21641e+00        -6.29214e+00
         8.21949e+00        -6.29840e+00
         8.22257e+00        -6.31052e+00
         8.22566e+00        -6.32328e+00
         8.22874e+00        -6.39776e+00
         8.23182e+00        -6.46715e+00
         8.23490e+00        -6.47085e+00
         8.23798e+00        -6.45898e+00
         8.24106e+00        -6.48149e+00
         8.24414e+00        -6.48009e+00
         8.24722e+00        -6.47598e+00
         8.25030e+00        -6.44265e+00
         8.25338e+00        -6.45266e+00
         8.25646e+00        -6.47539e+00
         8.25954e+00        -6.47756e+00
         8.26262e+00        -6.49948e+00
         8.26570e+00        -6.49461e+00
         8.26878e+00        -6.47859e+00
         8.27187e+00        -6.45170e+00
         8.27495e+00        -6.43381e+00
         8.27803e+00        -6.41864e+00
         8.28111e+00        -6.41638e+00
         8.28419e+00        -6.37299e+00
         8.28727e+00        -6.33491e+00
         8.29035e+00        -6.27249e+00
         8.29343e+00        -6.28040e+00
         8.29651e+00        -6.29115e+00
         8.29959e+00        -6.32266e+00
         8.30267e+00        -6.34164e+00
         8.30575e+00        -6.32891e+00
         8.30883e+00        -6.31075e+00
         8.31191e+00        -6.29724e+00
         8.31500e+00        -6.32221e+00
         8.31808e+00        -6.34719e+00
         8.32116e+00        -6.34283e+00
         8.32424e+00        -6.35228e+00
         8.32732e+00        -6.34694e+00
         8.33040e+00        -6.33957e+00
         8.33348e+00        -6.32862e+00
         8.33656e+00        -6.31848e+00
         8.33964e+00        -6.36779e+00
         8.34272e+00        -6.42036e+00
         8.34580e+00        -6.45713e+00
         8.34888e+00        -6.46488e+00
         8.35196e+00        -6.45849e+00
         8.35504e+00        -6.45339e+00
         8.35813e+00        -6.48238e+00
         8.36121e+00        -6.48897e+00
         8.36429e+00        -6.44076e+00
         8.36737e+00        -6.41333e+00
         8.37045e+00        -6.32230e+00
         8.37353e+00        -6.28364e+00
         8.37661e+00        -6.14944e+00
         8.37969e+00        -6.15542e+00
         8.38277e+00        -6.06604e+00
         8.38585e+00        -5.95407e+00
         8.38893e+00        -5.74961e+00
         8.39201e+00        -5.76383e+00
         8.39509e+00        -5.93185e+00
         8.39817e+00        -6.08176e+00
         8.40126e+00        -6.33995e+00
         8.40434e+00        -6.35240e+00
         8.40742e+00        -6.32652e+00
         8.41050e+00        -6.12566e+00
         8.41358e+00        -5.97472e+00
         8.41666e+00        -5.94986e+00
         8.41974e+00        -6.20512e+00
         8.42282e+00        -6.20652e+00
         8.42590e+00        -6.17326e+00
         8.42898e+00        -6.20213e+00
         8.43206e+00        -6.31199e+00
         8.43514e+00        -6.35477e+00
         8.43822e+00        -6.36314e+00
         8.44130e+00        -6.38685e+00
         8.44438e+00        -6.35773e+00
         8.44747e+00        -6.36370e+00
         8.45055e+00        -6.36514e+00
         8.45363e+00        -6.35541e+00
         8.45671e+00        -6.30316e+00
         8.45979e+00        -6.19738e+00
         8.46287e+00        -6.02457e+00
         8.46595e+00        -5.76408e+00
         8.46903e+00        -5.62522e+00
         8.47211e+00        -5.63602e+00
         8.47519e+00        -5.85879e+00
         8.47827e+00        -5.90095e+00
         8.48135e+00        -5.84012e+00
         8.48443e+00        -5.65122e+00
         8.48751e+00        -5.92340e+00
         8.49060e+00        -6.11777e+00
         8.49368e+00        -6.05805e+00
         8.49676e+00        -5.66878e+00
         8.49984e+00        -5.61060e+00
         8.50292e+00        -5.70277e+00
         8.50600e+00        -5.72966e+00
         8.50908e+00        -5.68063e+00
         8.51216e+00        -5.66118e+00
         8.51524e+00        -5.65458e+00
         8.51832e+00        -5.62351e+00
         8.52140e+00        -5.59974e+00
         8.52448e+00        -5.62023e+00
         8.52756e+00        -5.68751e+00
         8.53064e+00        -5.68546e+00
         8.53373e+00        -5.53979e+00
         8.53681e+00        -5.56827e+00
         8.53989e+00        -5.57654e+00
         8.54297e+00        -5.56003e+00
         8.54605e+00        -5.53499e+00
         8.54913e+00        -5.54161e+00
         8.55221e+00        -5.59489e+00
         8.55529e+00        -5.66496e+00
         8.55837e+00        -5.72698e+00
         8.56145e+00        -5.72417e+00
         8.56453e+00        -5.73063e+00
         8.56761e+00        -5.78454e+00
         8.57069e+00        -5.76288e+00
         8.57377e+00        -5.53623e+00
         8.57685e+00        -5.63571e+00
         8.57994e+00        -5.69924e+00
         8.58302e+00        -5.70358e+00
         8.58610e+00        -5.60416e+00
         8.58918e+00        -5.68947e+00
         8.59226e+00        -5.67258e+00
         8.59534e+00        -5.61312e+00
         8.59842e+00        -5.70326e+00
         8.60150e+00        -5.53595e+00
         8.60458e+00        -5.59735e+00
         8.60766e+00        -5.57289e+00
         8.61074e+00        -5.54574e+00
         8.61382e+00        -5.55000e+00
         8.61690e+00        -5.60757e+00
         8.61998e+00        -5.68908e+00
         8.62307e+00        -5.68284e+00
         8.62615e+00        -5.70008e+00
         8.62923e+00        -5.70974e+00
         8.63231e+00        -5.73574e+00
         8.63539e+00        -5.73716e+00
         8.63847e+00        -5.74397e+00
         8.64155e+00        -5.81086e+00
         8.64463e+00        -5.85039e+00
         8.64771e+00        -5.86178e+00
         8.65079e+00        -5.84974e+00
         8.65387e+00        -5.81157e+00
         8.65695e+00        -5.79737e+00
         8.66003e+00        -5.82848e+00
         8.66311e+00        -5.82816e+00
         8.66620e+00        -5.80258e+00
         8.66928e+00        -5.87462e+00
         8.67236e+00        -5.95364e+00
         8.67544e+00        -5.95591e+00
         8.67852e+00        -5.90349e+00
         8.68160e+00        -5.95087e+00
         8.68468e+00        -6.03975e+00
         8.68776e+00        -6.07197e+00
         8.69084e+00        -6.07476e+00
         8.69392e+00        -6.03116e+00
         8.69700e+00        -6.04195e+00
         8.70008e+00        -5.99743e+00
         8.70316e+00        -5.95865e+00
         8.70624e+00        -5.92843e+00
         8.70932e+00        -5.89368e+00
         8.71241e+00        -5.88909e+00
         8.71549e+00        -5.86745e+00
         8.71857e+00        -5.95761e+00
         8.72165e+00        -5.94646e+00
         8.72473e+00        -5.88924e+00
         8.72781e+00        -5.91351e+00
         8.73089e+00        -5.90132e+00
         8.73397e+00        -5.88308e+00
         8.73705e+00        -5.91224e+00
         8.74013e+00        -5.98627e+00
         8.74321e+00        -5.96020e+00
         8.74629e+00        -5.86115e+00
         8.74937e+00        -5.79798e+00
         8.75245e+00        -5.81214e+00
         8.75554e+00        -5.79957e+00
         8.75862e+00        -5.82493e+00
         8.76170e+00        -5.84087e+00
         8.76478e+00        -5.81677e+00
         8.76786e+00        -5.83650e+00
         8.77094e+00        -5.86485e+00
         8.77402e+00        -5.85119e+00
         8.77710e+00        -5.86420e+00
         8.78018e+00        -5.85144e+00
         8.78326e+00        -5.85273e+00
         8.78634e+00        -5.85608e+00
         8.78942e+00        -5.82871e+00
         8.79250e+00        -5.81653e+00
         8.79558e+00        -5.86109e+00
         8.79867e+00        -5.89003e+00
         8.80175e+00        -5.85489e+00
         8.80483e+00        -5.87299e+00
         8.80791e+00        -5.87921e+00
         8.81099e+00        -5.87604e+00
         8.81407e+00        -5.87551e+00
         8.81715e+00        -5.84427e+00
         8.82023e+00        -5.81608e+00
         8.82331e+00        -5.82701e+00
         8.82639e+00        -5.86203e+00
         8.82947e+00        -5.80567e+00
         8.83255e+00        -5.78814e+00
         8.83563e+00        -5.86791e+00
         8.83871e+00        -5.80881e+00
         8.84180e+00        -5.78023e+00
         8.84488e+00        -5.79153e+00
         8.84796e+00        -5.80120e+00
         8.85104e+00        -5.80265e+00
         8.85412e+00        -5.78871e+00
         8.85720e+00        -5.79861e+00
         8.86028e+00        -5.79454e+00
         8.86336e+00        -5.72220e+00
         8.86644e+00        -5.65826e+00
         8.86952e+00        -5.67094e+00
         8.87260e+00        -5.65824e+00
         8.87568e+00        -5.67984e+00
         8.87876e+00        -5.60635e+00
         8.88184e+00        -5.67710e+00
         8.88492e+00        -5.69726e+00
         8.88801e+00        -5.66187e+00
         8.89109e+00        -5.66632e+00
         8.89417e+00        -5.56436e+00
         8.89725e+00        -5.66151e+00
         8.90033e+00        -5.76282e+00
         8.90341e+00        -5.73850e+00
         8.90649e+00        -5.71448e+00
         8.90957e+00        -5.69503e+00
         8.91265e+00        -5.66328e+00
         8.91573e+00        -5.69962e+00
         8.91881e+00        -5.62124e+00
         8.92189e+00        -5.60843e+00
         8.92497e+00        -5.64182e+00
         8.92805e+00        -5.65975e+00
         8.93114e+00        -5.61666e+00
         8.93422e+00        -5.61844e+00
         8.93730e+00        -5.67891e+00
         8.94038e+00        -5.67380e+00
         8.94346e+00        -5.68823e+00
         8.94654e+00        -5.68393e+00
         8.94962e+00        -5.64403e+00
         8.95270e+00        -5.69881e+00
         8.95578e+00        -5.69827e+00
         8.95886e+00        -5.69538e+00
         8.96194e+00        -5.67012e+00
         8.96502e+00        -5.64128e+00
         8.96810e+00        -5.61801e+00
         8.97118e+00        -5.55635e+00
         8.97427e+00        -5.49899e+00
         8.97735e+00        -5.52943e+00
         8.98043e+00        -5.52484e+00
         8.98351e+00        -5.55799e+00
         8.98659e+00        -5.57205e+00
         8.98967e+00        -5.60173e+00
         8.99275e+00        -5.63418e+00
         8.99583e+00        -5.63825e+00
         8.99891e+00        -5.64429e+00
         9.00199e+00        -5.63922e+00
         9.00507e+00        -5.71532e+00
         9.00815e+00        -5.68984e+00
         9.01123e+00        -5.44627e+00
         9.01431e+00        -5.41291e+00
         9.01739e+00        -5.42904e+00
         9.02048e+00        -5.48775e+00
         9.02356e+00        -5.40106e+00
         9.02664e+00        -5.40021e+00
         9.02972e+00        -5.42207e+00
         9.03280e+00        -5.43056e+00
         9.03588e+00        -5.48558e+00
         9.03896e+00        -5.62339e+00
         9.04204e+00        -5.69689e+00
         9.04512e+00        -5.69667e+00
         9.04820e+00        -5.61900e+00
         9.05128e+00        -5.59935e+00
         9.05436e+00        -5.67174e+00
         9.05744e+00        -5.61371e+00
         9.06052e+00        -5.52351e+00
         9.06361e+00        -5.56768e+00
         9.06669e+00        -5.54200e+00
         9.06977e+00        -5.51342e+00
         9.07285e+00        -5.53159e+00
         9.07593e+00        -5.47420e+00
         9.07901e+00        -5.50040e+00
         9.08209e+00        -5.52970e+00
         9.08517e+00        -5.47854e+00
         9.08825e+00        -5.49242e+00
         9.09133e+00        -5.48398e+00
         9.09441e+00        -5.43415e+00
         9.09749e+00        -5.19405e+00
         9.10057e+00        -5.24584e+00
         9.10365e+00        -5.15815e+00
         9.10674e+00        -5.14249e+00
         9.10982e+00        -5.07749e+00
         9.11290e+00        -5.12384e+00
         9.11598e+00        -5.10944e+00
         9.11906e+00        -5.05833e+00
         9.12214e+00        -5.09405e+00
         9.12522e+00        -5.00781e+00
         9.12830e+00        -5.06630e+00
         9.13138e+00        -5.05362e+00
         9.13446e+00        -5.08707e+00
         9.13754e+00        -5.13079e+00
         9.14062e+00        -5.06981e+00
         9.14370e+00        -4.88133e+00
         9.14678e+00        -4.88023e+00
         9.14987e+00        -4.97575e+00
         9.15295e+00        -5.03235e+00
         9.15603e+00        -5.06228e+00
         9.15911e+00        -4.96293e+00
         9.16219e+00        -4.87155e+00
         9.16527e+00        -4.87113e+00
         9.16835e+00        -4.81937e+00
         9.17143e+00        -4.78538e+00
         9.17451e+00        -4.75814e+00
         9.17759e+00        -4.80402e+00
         9.18067e+00        -4.78876e+00
         9.18375e+00        -4.77133e+00
         9.18683e+00        -4.69895e+00
         9.18991e+00        -4.61298e+00
         9.19299e+00        -4.60061e+00
         9.19608e+00        -4.56479e+00
         9.19916e+00        -4.59981e+00
         9.20224e+00        -4.63931e+00
         9.20532e+00        -4.17889e+00
         9.20840e+00        -4.20007e+00
         9.21148e+00        -4.18838e+00
         9.21456e+00        -4.07015e+00
         9.21764e+00        -4.32642e+00
         9.22072e+00        -3.81638e+00
         9.22380e+00        -3.64541e+00
         9.22688e+00        -3.15599e+00
         9.22996e+00        -2.86569e+00
         9.23304e+00        -2.93456e+00
         9.23612e+00        -2.44632e+00
         9.23921e+00        -2.39800e+00
         9.24229e+00        -2.33422e+00
         9.24537e+00        -2.32249e+00
         9.24845e+00        -2.37479e+00
         9.25153e+00        -2.76932e+00
         9.25461e+00        -2.19872e+00
         9.25769e+00        -2.02973e+00
         9.26077e+00        -2.02958e+00
         9.26385e+00        -2.12294e+00
         9.26693e+00        -2.67218e+00
         9.27001e+00        -2.07145e+00
         9.27309e+00        -1.89426e+00
         9.27617e+00        -1.89681e+00
         9.27925e+00        -1.98958e+00
         9.28234e+00        -2.09366e+00
         9.28542e+00        -2.15785e+00
         9.28850e+00        -2.12849e+00
         9.29158e+00        -2.20385e+00
         9.29466e+00        -1.67406e+00
         9.29774e+00        -1.64453e+00
         9.30082e+00        -1.67374e+00
         9.30390e+00        -1.59982e+00
         9.30698e+00        -1.38831e+00
         9.31006e+00        -1.36801e+00
         9.31314e+00        -1.27214e+00
         9.31622e+00        -1.29103e+00
         9.31930e+00        -1.26708e+00
         9.32238e+00        -1.32670e+00
         9.32547e+00        -1.29468e+00
         9.32855e+00        -1.41170e+00
         9.33163e+00        -1.33922e+00
         9.33471e+00        -1.39256e+00
         9.33779e+00        -1.41604e+00
         9.34087e+00        -1.23035e+00
         9.34395e+00        -1.19125e+00
         9.34703e+00        -1.31658e+00
         9.35011e+00        -1.46555e+00
         9.35319e+00        -1.42382e+00
         9.35627e+00        -1.28042e+00
         9.35935e+00        -1.05820e+00
         9.36243e+00        -1.06852e+00
         9.36551e+00        -1.24589e+00
         9.36859e+00        -1.29922e+00
         9.37168e+00        -1.27633e+00
         9.37476e+00        -1.27724e+00
         9.37784e+00        -1.29201e+00
         9.38092e+00        -1.13850e+00
         9.38400e+00        -1.10414e+00
         9.38708e+00        -1.10533e+00
         9.39016e+00        -1.11473e+00
         9.39324e+00        -1.02923e+00
         9.39632e+00        -1.01164e+00
         9.39940e+00        -1.01546e+00
         9.40248e+00        -1.02616e+00
         9.40556e+00        -1.04507e+00
         9.40864e+00        -1.03510e+00
         9.41172e+00        -1.03783e+00
         9.41481e+00        -1.01858e+00
         9.41789e+00        -1.01708e+00
         9.42097e+00        -1.02279e+00
         9.42405e+00        -1.00133e+00
         9.42713e+00        -1.00017e+00
         9.43021e+00        -9.90068e-01
         9.43329e+00        -9.88310e-01
         9.43637e+00        -9.84647e-01
         9.43945e+00        -9.84259e-01
         9.44253e+00        -9.92126e-01
         9.44561e+00        -9.97439e-01
         9.44869e+00        -1.00617e+00
         9.45177e+00        -1.01514e+00
         9.45485e+00        -1.01483e+00
         9.45794e+00        -1.01220e+00
         9.46102e+00        -1.00965e+00
         9.46410e+00        -1.00401e+00
         9.46718e+00        -9.99079e-01
         9.47026e+00        -9.95704e-01
         9.47334e+00        -9.89842e-01
         9.47642e+00        -9.83613e-01
         9.47950e+00        -9.75186e-01
         9.48258e+00        -9.67993e-01
         9.48566e+00        -9.66242e-01
         9.48874e+00        -9.58809e-01
         9.49182e+00        -9.51823e-01
         9.49490e+00        -9.47440e-01
         9.49798e+00        -9.44312e-01
