         9.00023e+00        -6.10800e-02
         9.00326e+00        -5.53250e-02
         9.00630e+00        -5.29050e-02
         9.00934e+00        -6.11890e-02
         9.01237e+00        -6.39680e-02
         9.01541e+00        -6.34990e-02
         9.01845e+00        -6.66490e-02
         9.02148e+00        -6.72810e-02
         9.02452e+00        -6.86000e-02
         9.02756e+00        -6.99630e-02
         9.03059e+00        -7.15210e-02
         9.03363e+00        -7.29190e-02
         9.03667e+00        -7.34180e-02
         9.03970e+00        -7.20550e-02
         9.04274e+00        -7.28620e-02
         9.04578e+00        -7.43330e-02
         9.04881e+00        -7.50630e-02
         9.05185e+00        -7.58260e-02
         9.05489e+00        -7.80280e-02
         9.05792e+00        -7.75590e-02
         9.06096e+00        -7.83220e-02
         9.06400e+00        -8.24200e-02
         9.06703e+00        -9.42290e-02
         9.07007e+00        -9.94670e-02
         9.07311e+00        -8.99300e-02
         9.07614e+00        -9.45510e-02
         9.07918e+00        -9.84210e-02
         9.08222e+00        -9.77770e-02
         9.08525e+00        -9.70580e-02
         9.08829e+00        -9.36680e-02
         9.09133e+00        -9.18260e-02
         9.09436e+00        -9.39300e-02
         9.09740e+00        -9.90310e-02
         9.10044e+00        -9.83180e-02
         9.10347e+00        -9.80830e-02
         9.10651e+00        -1.00055e-01
         9.10955e+00        -1.01712e-01
         9.11258e+00        -1.02758e-01
         9.11562e+00        -1.04688e-01
         9.11866e+00        -1.06159e-01
         9.12169e+00        -1.05505e-01
         9.12473e+00        -1.08949e-01
         9.12777e+00        -1.10857e-01
         9.13080e+00        -1.11576e-01
         9.13384e+00        -1.12808e-01
         9.13688e+00        -1.14092e-01
         9.13991e+00        -1.14497e-01
         9.14295e+00        -1.15053e-01
         9.14599e+00        -1.15402e-01
         9.14902e+00        -1.16633e-01
         9.15206e+00        -1.20644e-01
         9.15510e+00        -1.22562e-01
         9.15813e+00        -1.25876e-01
         9.16117e+00        -1.25113e-01
         9.16421e+00        -1.28895e-01
         9.16724e+00        -1.30911e-01
         9.17028e+00        -1.31861e-01
         9.17332e+00        -1.33582e-01
         9.17635e+00        -1.37102e-01
         9.17939e+00        -1.33952e-01
         9.18243e+00        -1.31173e-01
         9.18546e+00        -1.34225e-01
         9.18850e+00        -1.39522e-01
         9.19154e+00        -1.41734e-01
         9.19457e+00        -1.40688e-01
         9.19761e+00        -1.40808e-01
         9.20065e+00        -1.41396e-01
         9.20368e+00        -1.46451e-01
         9.20672e+00        -1.53059e-01
         9.20976e+00        -1.55151e-01
         9.21279e+00        -1.52950e-01
         9.21583e+00        -1.51337e-01
         9.21887e+00        -1.58454e-01
         9.22191e+00        -1.59936e-01
         9.22494e+00        -1.58432e-01
         9.22798e+00        -1.57756e-01
         9.23101e+00        -1.57146e-01
         9.23405e+00        -1.56514e-01
         9.23709e+00        -1.58650e-01
         9.24013e+00        -1.60910e-01
         9.24316e+00        -1.62421e-01
         9.24620e+00        -1.60634e-01
         9.24924e+00        -1.60437e-01
         9.25227e+00        -1.59555e-01
         9.25531e+00        -1.61124e-01
         9.25835e+00        -1.62345e-01
         9.26138e+00        -1.63478e-01
         9.26442e+00        -1.62890e-01
         9.26746e+00        -1.60852e-01
         9.27049e+00        -1.62792e-01
         9.27353e+00        -1.62236e-01
         9.27657e+00        -1.62247e-01
         9.27960e+00        -1.63566e-01
         9.28264e+00        -1.64296e-01
         9.28568e+00        -1.63064e-01
         9.28871e+00        -1.63162e-01
         9.29175e+00        -1.64143e-01
         9.29479e+00        -1.65059e-01
         9.29782e+00        -1.63860e-01
         9.30086e+00        -1.64786e-01
         9.30390e+00        -1.64361e-01
         9.30693e+00        -1.65418e-01
         9.30997e+00        -1.65591e-01
         9.31301e+00        -1.66977e-01
         9.31604e+00        -1.68590e-01
         9.31908e+00        -1.69026e-01
         9.32212e+00        -1.69408e-01
         9.32515e+00        -1.69026e-01
         9.32819e+00        -1.69179e-01
         9.33123e+00        -1.71337e-01
         9.33426e+00        -1.72089e-01
         9.33730e+00        -1.71577e-01
         9.34034e+00        -1.71522e-01
         9.34337e+00        -1.71324e-01
         9.34641e+00        -1.74944e-01
         9.34945e+00        -1.77440e-01
         9.35248e+00        -1.79816e-01
         9.35552e+00        -1.82607e-01
         9.35856e+00        -1.84895e-01
         9.36159e+00        -1.86639e-01
         9.36463e+00        -1.89844e-01
         9.36767e+00        -1.93746e-01
         9.37070e+00        -1.96438e-01
         9.37374e+00        -1.98966e-01
         9.37678e+00        -2.00833e-01
         9.37981e+00        -2.03522e-01
         9.38285e+00        -2.06367e-01
         9.38589e+00        -2.09277e-01
         9.38892e+00        -2.11141e-01
         9.39196e+00        -2.12558e-01
         9.39500e+00        -2.13582e-01
         9.39803e+00        -2.15196e-01
         9.40107e+00        -2.17005e-01
         9.40411e+00        -2.19065e-01
         9.40714e+00        -2.21561e-01
         9.41018e+00        -2.24314e-01
         9.41322e+00        -2.26563e-01
         9.41625e+00        -2.27795e-01
         9.41929e+00        -2.29528e-01
         9.42233e+00        -2.30858e-01
         9.42536e+00        -2.33484e-01
         9.42840e+00        -2.35741e-01
         9.43144e+00        -2.36275e-01
         9.43447e+00        -2.39915e-01
         9.43751e+00        -2.43010e-01
         9.44055e+00        -2.44918e-01
         9.44358e+00        -2.46389e-01
         9.44662e+00        -2.47564e-01
         9.44966e+00        -2.47468e-01
         9.45269e+00        -2.48700e-01
         9.45573e+00        -2.45256e-01
         9.45877e+00        -2.41648e-01
         9.46180e+00        -2.40133e-01
         9.46484e+00        -2.38160e-01
         9.46788e+00        -2.43599e-01
         9.47091e+00        -2.48275e-01
         9.47395e+00        -2.62161e-01
         9.47699e+00        -2.93278e-01
         9.48002e+00        -2.98427e-01
         9.48306e+00        -3.05344e-01
         9.48610e+00        -3.11632e-01
         9.48913e+00        -3.16014e-01
         9.49217e+00        -3.23458e-01
         9.49521e+00        -3.30586e-01
         9.49824e+00        -3.43862e-01
         9.50128e+00        -3.55088e-01
         9.50432e+00        -3.61028e-01
         9.50735e+00        -3.68897e-01
         9.51039e+00        -3.71448e-01
         9.51343e+00        -3.68485e-01
         9.51646e+00        -3.69824e-01
         9.51950e+00        -3.74739e-01
         9.52254e+00        -3.79371e-01
         9.52557e+00        -4.09290e-01
         9.52861e+00        -4.52691e-01
         9.53165e+00        -4.51699e-01
         9.53468e+00        -4.67950e-01
         9.53772e+00        -4.37530e-01
         9.54076e+00        -4.33813e-01
         9.54379e+00        -4.44168e-01
         9.54683e+00        -4.26293e-01
         9.54987e+00        -4.33632e-01
         9.55290e+00        -4.76048e-01
         9.55594e+00        -5.02119e-01
         9.55898e+00        -4.93803e-01
         9.56201e+00        -4.80288e-01
         9.56505e+00        -4.73073e-01
         9.56809e+00        -4.72168e-01
         9.57112e+00        -4.60898e-01
         9.57416e+00        -4.28952e-01
         9.57720e+00        -4.13682e-01
         9.58023e+00        -4.11764e-01
         9.58327e+00        -4.03125e-01
         9.58631e+00        -4.00941e-01
         9.58934e+00        -4.09552e-01
         9.59238e+00        -4.23535e-01
         9.59542e+00        -4.44048e-01
         9.59845e+00        -4.55623e-01
         9.60149e+00        -4.67252e-01
         9.60453e+00        -5.11656e-01
         9.60756e+00        -5.24005e-01
         9.61060e+00        -5.37487e-01
         9.61364e+00        -5.33694e-01
         9.61667e+00        -4.65816e-01
         9.61971e+00        -4.48429e-01
         9.62275e+00        -4.28157e-01
         9.62578e+00        -4.11023e-01
         9.62882e+00        -3.98380e-01
         9.63186e+00        -4.00178e-01
         9.63489e+00        -4.08309e-01
         9.63793e+00        -4.55612e-01
         9.64097e+00        -4.94108e-01
         9.64400e+00        -5.23057e-01
         9.64704e+00        -5.09792e-01
         9.65008e+00        -4.66337e-01
         9.65311e+00        -4.00264e-01
         9.65615e+00        -3.96276e-01
         9.65919e+00        -4.21279e-01
         9.66222e+00        -4.30544e-01
         9.66526e+00        -4.64822e-01
         9.66830e+00        -4.68517e-01
         9.67133e+00        -4.67492e-01
         9.67437e+00        -4.73443e-01
         9.67741e+00        -5.04593e-01
         9.68044e+00        -5.32365e-01
         9.68348e+00        -5.41291e-01
         9.68652e+00        -5.27258e-01
         9.68955e+00        -5.15253e-01
         9.69259e+00        -5.02555e-01
         9.69563e+00        -4.94261e-01
         9.69866e+00        -4.95264e-01
         9.70170e+00        -4.93018e-01
         9.70474e+00        -4.75765e-01
         9.70777e+00        -4.63307e-01
         9.71081e+00        -4.62468e-01
         9.71385e+00        -4.63361e-01
         9.71688e+00        -4.56451e-01
         9.71992e+00        -4.56871e-01
         9.72296e+00        -4.64811e-01
         9.72599e+00        -4.70664e-01
         9.72903e+00        -4.74817e-01
         9.73207e+00        -4.75667e-01
         9.73510e+00        -4.69585e-01
         9.73814e+00        -4.70555e-01
         9.74118e+00        -4.64735e-01
         9.74421e+00        -4.47514e-01
         9.74725e+00        -4.40418e-01
         9.75029e+00        -4.52397e-01
         9.75332e+00        -4.50097e-01
         9.75636e+00        -4.48255e-01
         9.75940e+00        -4.72953e-01
         9.76243e+00        -4.79035e-01
         9.76547e+00        -4.81955e-01
         9.76851e+00        -4.64713e-01
         9.77154e+00        -4.46762e-01
         9.77458e+00        -4.36397e-01
         9.77762e+00        -4.20255e-01
         9.78065e+00        -4.09704e-01
         9.78369e+00        -4.11219e-01
         9.78673e+00        -4.35121e-01
         9.78976e+00        -4.24994e-01
         9.79280e+00        -4.14631e-01
         9.79584e+00        -4.16505e-01
         9.79887e+00        -4.25552e-01
         9.80191e+00        -4.58151e-01
         9.80495e+00        -5.11503e-01
         9.80798e+00        -5.32343e-01
         9.81102e+00        -5.34610e-01
         9.81406e+00        -5.42076e-01
         9.81709e+00        -5.43635e-01
         9.82013e+00        -5.41891e-01
         9.82317e+00        -5.31577e-01
         9.82620e+00        -5.27820e-01
         9.82924e+00        -5.27711e-01
         9.83228e+00        -5.31068e-01
         9.83531e+00        -5.30327e-01
         9.83835e+00        -5.28419e-01
         9.84139e+00        -5.39776e-01
         9.84442e+00        -5.52855e-01
         9.84746e+00        -5.46621e-01
         9.85050e+00        -5.47035e-01
         9.85353e+00        -5.48289e-01
         9.85657e+00        -5.55550e-01
         9.85961e+00        -5.68670e-01
         9.86264e+00        -5.76954e-01
         9.86568e+00        -5.78305e-01
         9.86872e+00        -5.75907e-01
         9.87175e+00        -5.71820e-01
         9.87479e+00        -5.67842e-01
         9.87783e+00        -5.66305e-01
         9.88086e+00        -5.64518e-01
         9.88390e+00        -5.63308e-01
         9.88694e+00        -5.62251e-01
         9.88997e+00        -5.61880e-01
         9.89301e+00        -5.59869e-01
         9.89605e+00        -5.56768e-01
         9.89908e+00        -5.51351e-01
         9.90212e+00        -5.45019e-01
         9.90516e+00        -5.39962e-01
         9.90819e+00        -5.30457e-01
         9.91123e+00        -5.16299e-01
         9.91427e+00        -5.13923e-01
         9.91730e+00        -5.13553e-01
         9.92034e+00        -5.15427e-01
         9.92338e+00        -5.18141e-01
         9.92641e+00        -5.16811e-01
         9.92945e+00        -5.16724e-01
         9.93249e+00        -5.20179e-01
         9.93552e+00        -5.24158e-01
         9.93856e+00        -5.28430e-01
         9.94160e+00        -5.32027e-01
         9.94463e+00        -5.43547e-01
         9.94767e+00        -5.42577e-01
         9.95071e+00        -5.43863e-01
         9.95374e+00        -5.46959e-01
         9.95678e+00        -5.48343e-01
         9.95982e+00        -5.47691e-01
         9.96285e+00        -5.47896e-01
         9.96589e+00        -5.50534e-01
         9.96893e+00        -5.60147e-01
         9.97196e+00        -5.64441e-01
         9.97500e+00        -5.66458e-01
         9.97804e+00        -5.69967e-01
         9.98107e+00        -5.65706e-01
         9.98411e+00        -5.53640e-01
         9.98715e+00        -5.48768e-01
         9.99018e+00        -5.46370e-01
         9.99322e+00        -5.46540e-01
         9.99626e+00        -5.44016e-01
         9.99929e+00        -5.44463e-01
