         9.00175e+00         1.73895e+01        -3.27636e+01
         9.00478e+00         1.94605e+01        -2.87297e+01
         9.00781e+00         2.03420e+01        -2.58480e+01
         9.01086e+00         1.83097e+01        -2.23629e+01
         9.01389e+00         1.44897e+01        -1.63344e+01
         9.01692e+00         1.14854e+01        -1.46498e+01
         9.01997e+00         7.70555e+00        -1.48326e+01
         9.02300e+00         5.49393e+00        -2.13228e+01
         9.02603e+00         6.53090e+00        -1.76292e+01
         9.02908e+00         9.78725e+00        -2.02559e+01
         9.03211e+00         1.26075e+01        -2.03604e+01
         9.03514e+00         1.47206e+01        -2.18312e+01
         9.03819e+00         1.99545e+01        -2.98909e+01
         9.04122e+00         2.48748e+01        -3.43267e+01
         9.04425e+00         2.92637e+01        -3.58218e+01
         9.04731e+00         3.15724e+01        -3.46148e+01
         9.05033e+00         3.38463e+01        -3.49032e+01
         9.05336e+00         3.31916e+01        -3.65213e+01
         9.05642e+00         3.15436e+01        -3.86033e+01
         9.05944e+00         2.88274e+01        -3.42321e+01
         9.06247e+00         2.59069e+01        -3.43491e+01
         9.06553e+00         2.52600e+01        -3.56746e+01
         9.06856e+00         2.94324e+01        -3.54876e+01
         9.07158e+00         3.35137e+01        -3.62262e+01
         9.07464e+00         3.11458e+01        -3.48613e+01
         9.07767e+00         2.89873e+01        -3.15968e+01
         9.08069e+00         2.61705e+01        -2.68234e+01
         9.08372e+00         2.19858e+01        -3.02683e+01
         9.08678e+00         2.04153e+01        -2.77211e+01
         9.08981e+00         1.86490e+01        -3.16109e+01
         9.09283e+00         2.07300e+01        -2.97305e+01
         9.09589e+00         2.01917e+01        -2.66184e+01
         9.09892e+00         1.84728e+01        -3.04028e+01
         9.10194e+00         1.80556e+01        -3.04286e+01
         9.10500e+00         1.77535e+01        -2.83211e+01
         9.10803e+00         1.69838e+01        -3.57229e+01
         9.11106e+00         1.69838e+01        -3.59332e+01
         9.11411e+00         1.75836e+01        -3.51211e+01
         9.11714e+00         1.79696e+01        -3.72241e+01
         9.12017e+00         1.79211e+01        -3.48453e+01
         9.12322e+00         1.59172e+01        -3.64298e+01
         9.12625e+00         1.57827e+01        -3.64128e+01
         9.12928e+00         1.68908e+01        -3.55915e+01
         9.13233e+00         1.70234e+01        -3.20400e+01
         9.13536e+00         1.73739e+01        -2.65426e+01
         9.13839e+00         1.90454e+01        -3.51326e+01
         9.14144e+00         2.28368e+01        -3.83796e+01
         9.14447e+00         2.52998e+01        -2.89157e+01
         9.14750e+00         2.50873e+01        -3.38032e+01
         9.15056e+00         2.47787e+01        -3.86075e+01
         9.15358e+00         2.54536e+01        -3.28537e+01
         9.15661e+00         2.55730e+01        -3.39644e+01
         9.15967e+00         2.59759e+01        -3.02547e+01
         9.16269e+00         2.49730e+01        -3.12570e+01
         9.16572e+00         2.53863e+01        -2.97365e+01
         9.16875e+00         2.39163e+01        -2.97132e+01
         9.17181e+00         2.24914e+01        -3.14004e+01
         9.17483e+00         2.14976e+01        -3.03480e+01
         9.17786e+00         2.41526e+01        -2.12117e+01
         9.18092e+00         2.28515e+01        -3.49121e+01
         9.18394e+00         2.21682e+01        -3.48303e+01
         9.18697e+00         2.13977e+01        -3.31058e+01
         9.19003e+00         2.08520e+01        -3.25065e+01
         9.19306e+00         1.97999e+01        -3.46665e+01
         9.19608e+00         1.93555e+01        -3.70991e+01
         9.19914e+00         1.94720e+01        -3.76056e+01
         9.20217e+00         2.05199e+01        -3.91743e+01
         9.20519e+00         2.10914e+01        -3.60339e+01
         9.20825e+00         2.29368e+01        -4.20578e+01
         9.21128e+00         2.54560e+01        -3.93327e+01
         9.21431e+00         2.64583e+01        -3.90602e+01
         9.21736e+00         2.70860e+01        -4.30186e+01
         9.22039e+00         2.63536e+01        -4.29346e+01
         9.22342e+00         2.77290e+01        -4.44822e+01
         9.22647e+00         3.24332e+01        -6.79859e+01
         9.22950e+00         3.09318e+01        -4.71187e+01
         9.23253e+00         3.71266e+01        -6.48381e+01
         9.23558e+00         2.98122e+01        -5.14453e+01
         9.23861e+00         4.42204e+01        -8.80612e+01
         9.24164e+00         4.03658e+01        -6.70604e+01
         9.24467e+00         5.14812e+01        -9.96624e+01
         9.24772e+00         5.06949e+01        -5.76944e+01
         9.25075e+00         5.10752e+01        -8.52060e+01
         9.25378e+00         6.37277e+01        -8.45975e+01
         9.25683e+00         6.39881e+01        -8.18838e+01
         9.25986e+00         6.28407e+01        -7.17884e+01
         9.26289e+00         4.95888e+01        -4.91356e+01
         9.26594e+00         5.59517e+01        -8.37423e+01
         9.26897e+00         5.62467e+01        -7.52324e+01
         9.27200e+00         5.03304e+01        -9.95421e+01
         9.27506e+00         6.63580e+01        -1.04940e+02
         9.27808e+00         6.74512e+01        -7.45819e+01
         9.28111e+00         7.07259e+01        -8.06505e+01
         9.28417e+00         7.47262e+01        -9.47744e+01
         9.28719e+00         7.56118e+01        -9.60693e+01
         9.29022e+00         7.67435e+01        -1.13295e+02
         9.29328e+00         7.53542e+01        -8.21256e+01
         9.29631e+00         7.24519e+01        -1.00557e+02
         9.29933e+00         7.40356e+01        -7.35872e+01
         9.30239e+00         6.20174e+01        -9.19902e+01
         9.30542e+00         6.16234e+01        -7.74777e+01
         9.30844e+00         4.86761e+01        -6.11941e+01
         9.31150e+00         4.74960e+01        -8.08305e+01
         9.31453e+00         1.80499e+01        -2.54437e+01
         9.31756e+00         1.53186e+01        -2.83614e+01
         9.32058e+00         1.28802e+01        -2.68978e+01
         9.32364e+00         1.20396e+01        -2.98011e+01
         9.32667e+00         1.27387e+01        -2.73363e+01
         9.32969e+00         1.42375e+01        -2.43188e+01
         9.33275e+00         1.51981e+01        -2.64584e+01
         9.33578e+00         1.73154e+01        -1.83518e+01
         9.33881e+00         1.67424e+01        -2.08150e+01
         9.34186e+00         1.58807e+01        -2.02092e+01
         9.34489e+00         1.27225e+01        -2.13479e+01
         9.34792e+00         1.33891e+01        -1.26838e+01
         9.35097e+00         1.24687e+01        -1.09262e+01
         9.35400e+00         1.12218e+01        -1.34783e+01
         9.35703e+00         1.22064e+01        -1.16536e+01
         9.36008e+00         1.40909e+01        -9.12319e+00
         9.36311e+00         1.60232e+01        -1.57602e+01
         9.36614e+00         1.92692e+01        -9.94532e+00
         9.36919e+00         2.00756e+01        -9.32734e+00
         9.37222e+00         2.16573e+01        -1.14850e+01
         9.37525e+00         2.28484e+01        -1.89143e+01
         9.37831e+00         2.14016e+01        -1.51963e+01
         9.38133e+00         1.95041e+01        -1.11626e+01
         9.38436e+00         1.79451e+01        -9.56580e+00
         9.38742e+00         1.93919e+01        -1.53660e+01
         9.39044e+00         1.85219e+01        -1.79868e+01
         9.39347e+00         1.73105e+01        -1.59315e+01
         9.39653e+00         1.63846e+01        -1.38951e+01
         9.39956e+00         1.35155e+01        -2.08670e+01
         9.40258e+00         1.12854e+01        -2.13758e+01
         9.40561e+00         1.17559e+01        -2.40695e+01
         9.40867e+00         1.21463e+01        -2.27578e+01
         9.41169e+00         1.12324e+01        -2.50781e+01
         9.41472e+00         9.39683e+00        -3.14757e+01
         9.41778e+00         9.32660e+00        -3.74780e+01
         9.42081e+00         1.14604e+01        -3.91251e+01
         9.42383e+00         1.42098e+01        -4.34478e+01
         9.42689e+00         1.55602e+01        -4.69314e+01
         9.42992e+00         1.64890e+01        -5.08133e+01
         9.43294e+00         1.92535e+01        -4.06062e+01
         9.43600e+00         1.91028e+01        -3.02503e+01
         9.43903e+00         1.93978e+01        -1.34251e+01
         9.44206e+00         1.65921e+01        -7.72322e+00
         9.44511e+00         1.74415e+01         4.37498e+00
         9.44814e+00         1.65454e+01         8.87081e-01
         9.45117e+00         1.63194e+01        -3.62761e+00
         9.45422e+00         1.72490e+01        -4.61324e+00
         9.45725e+00         2.21701e+01         5.40583e+00
         9.46028e+00         2.29229e+01         4.29654e+00
         9.46333e+00         1.81615e+01         1.47517e+00
         9.46636e+00         1.55624e+01         2.90447e+00
         9.46939e+00         1.55546e+01         8.42391e+00
         9.47244e+00         1.28138e+01         1.05402e+01
         9.47547e+00         7.20976e+00         8.92735e+00
         9.47850e+00         1.18164e+01         2.85176e+01
         9.48153e+00         1.11020e+01         3.20960e+01
         9.48458e+00         4.75053e+00         2.50813e+01
         9.48761e+00         3.02317e+00         2.26493e+01
         9.49064e+00         6.06032e+00         2.53172e+01
         9.49369e+00         6.95966e+00         2.97381e+01
         9.49672e+00         1.83815e+00         2.93922e+01
         9.49975e+00         2.70672e+00         3.42644e+01
         9.50281e+00         4.42309e+00         3.29873e+01
         9.50583e+00         2.78264e+00         3.15887e+01
         9.50886e+00         5.34979e-01         2.90651e+01
         9.51192e+00         3.07757e+00         3.31043e+01
         9.51494e+00         3.91800e+00         2.85600e+01
         9.51797e+00        -2.73560e-01         2.42082e+01
         9.52103e+00         2.35462e+00         2.92915e+01
         9.52406e+00         1.04820e+00         2.77014e+01
         9.52708e+00        -5.09818e+00         2.09167e+01
         9.53014e+00         3.36162e+00         4.52211e+01
         9.53317e+00         6.00624e+00         2.43681e+01
         9.53619e+00         1.27930e+01         3.33927e+01
         9.53925e+00         1.36205e+01         3.29871e+01
         9.54228e+00         1.25797e+01         2.15183e+01
         9.54531e+00         2.13900e+01         5.00777e+01
         9.54836e+00         1.95978e+01         4.23177e+01
         9.55139e+00         1.45024e+01         4.65587e+01
         9.55442e+00         1.38668e+01         4.94764e+01
         9.55744e+00         1.64950e+01         5.30411e+01
         9.56050e+00         1.71994e+01         5.74162e+01
         9.56353e+00         1.56788e+01         6.32948e+01
         9.56656e+00         1.06928e+01         5.78746e+01
         9.56961e+00         1.18869e+01         5.48750e+01
         9.57264e+00         1.35362e+01         5.53422e+01
         9.57567e+00         1.17150e+01         5.48040e+01
         9.57872e+00         1.10079e+01         5.20548e+01
         9.58175e+00         1.14390e+01         4.93835e+01
         9.58478e+00         1.07464e+01         4.84561e+01
         9.58783e+00         8.34130e+00         4.17926e+01
         9.59086e+00         4.14935e+00         4.18209e+01
         9.59389e+00         5.04993e+00         4.22779e+01
         9.59694e+00         9.50715e+00         5.48755e+01
         9.59997e+00         1.01948e+01         5.54911e+01
         9.60300e+00         6.27988e+00         4.87613e+01
         9.60606e+00         1.02359e+01         6.16773e+01
         9.60908e+00         9.24462e+00         6.63204e+01
         9.61211e+00         6.09266e+00         5.10420e+01
         9.61517e+00         1.76603e+01         6.86015e+01
         9.61819e+00         1.76558e+01         7.15128e+01
         9.62122e+00         1.86645e+01         6.32849e+01
         9.62428e+00         1.93409e+01         6.19207e+01
         9.62731e+00         2.14207e+01         5.91506e+01
         9.63033e+00         2.42177e+01         6.02418e+01
         9.63336e+00         2.39289e+01         4.93166e+01
         9.63642e+00         1.31117e+01         4.08404e+01
         9.63944e+00         1.67192e+01         6.87772e+01
         9.64247e+00         1.75762e+01         4.87367e+01
         9.64553e+00         2.06350e+01         5.60966e+01
         9.64856e+00         2.57433e+01         6.02293e+01
         9.65158e+00         3.57366e+01         6.43003e+01
         9.65464e+00         3.31987e+01         5.65196e+01
         9.65767e+00         2.58486e+01         5.74347e+01
         9.66069e+00         2.83139e+01         5.34882e+01
         9.66375e+00         2.11899e+01         3.46959e+01
         9.66678e+00         2.98466e+01         4.56379e+01
         9.66981e+00         3.09756e+01         4.81245e+01
         9.67286e+00         2.29241e+01         4.69448e+01
         9.67589e+00         2.20233e+01         4.00436e+01
         9.67892e+00         2.76775e+01         4.73887e+01
         9.68197e+00         2.59008e+01         5.21257e+01
         9.68500e+00         2.94018e+01         5.45999e+01
         9.68803e+00         3.30260e+01         5.08496e+01
         9.69108e+00         3.35877e+01         5.35653e+01
         9.69411e+00         3.05718e+01         4.46475e+01
         9.69714e+00         3.08310e+01         3.94599e+01
         9.70019e+00         3.20962e+01         4.04330e+01
         9.70322e+00         3.40484e+01         4.56768e+01
         9.70625e+00         3.49318e+01         4.33475e+01
         9.70928e+00         3.22794e+01         3.27532e+01
         9.71233e+00         3.49643e+01         3.36088e+01
         9.71536e+00         3.77945e+01         3.77793e+01
         9.71839e+00         3.46146e+01         3.33861e+01
         9.72144e+00         3.42870e+01         3.05779e+01
         9.72447e+00         3.50003e+01         3.20864e+01
         9.72750e+00         3.50163e+01         3.14722e+01
         9.73056e+00         3.21616e+01         2.44799e+01
         9.73358e+00         3.48223e+01         2.47596e+01
         9.73661e+00         3.42464e+01         2.11466e+01
         9.73967e+00         3.54780e+01         2.23580e+01
         9.74269e+00         3.80285e+01         2.41192e+01
         9.74572e+00         3.74289e+01         2.51148e+01
         9.74878e+00         3.43629e+01         2.56657e+01
         9.75181e+00         3.02647e+01         2.54727e+01
         9.75483e+00         3.17594e+01         2.82670e+01
         9.75789e+00         3.12743e+01         4.82137e+01
         9.76092e+00         3.09188e+01         4.12686e+01
         9.76394e+00         2.94759e+01         4.10842e+01
         9.76700e+00         3.35973e+01         5.37027e+01
         9.77003e+00         3.22298e+01         5.20704e+01
         9.77306e+00         2.77861e+01         4.69011e+01
         9.77611e+00         2.81658e+01         5.03068e+01
         9.77914e+00         3.29282e+01         6.20696e+01
         9.78217e+00         3.18589e+01         6.49318e+01
         9.78519e+00         2.61778e+01         5.76044e+01
         9.78825e+00         2.87283e+01         6.09356e+01
         9.79128e+00         3.13305e+01         6.76364e+01
         9.79431e+00         2.31530e+01         4.83867e+01
         9.79736e+00         2.87245e+01         6.28565e+01
         9.80039e+00         2.27318e+01         6.37193e+01
         9.80342e+00         1.85617e+01         6.46113e+01
         9.80647e+00         2.28187e+01         6.09812e+01
         9.80950e+00         2.38009e+01         6.54156e+01
         9.81253e+00         2.45876e+01         6.23097e+01
         9.81558e+00         2.38161e+01         5.59432e+01
         9.81861e+00         2.09718e+01         5.24526e+01
         9.82164e+00         2.36211e+01         5.66286e+01
         9.82469e+00         2.34345e+01         5.40449e+01
         9.82772e+00         2.30128e+01         5.11995e+01
         9.83075e+00         2.36095e+01         5.39475e+01
         9.83381e+00         2.29311e+01         5.29674e+01
         9.83683e+00         2.70721e+01         5.03372e+01
         9.83986e+00         2.84263e+01         5.15397e+01
         9.84292e+00         2.98756e+01         5.42390e+01
         9.84594e+00         3.35141e+01         5.94710e+01
         9.84897e+00         3.07387e+01         5.23636e+01
         9.85203e+00         3.10706e+01         5.50826e+01
         9.85506e+00         3.15781e+01         5.66097e+01
         9.85808e+00         3.75862e+01         6.99346e+01
         9.86114e+00         3.75573e+01         6.89464e+01
         9.86417e+00         3.46621e+01         6.70767e+01
         9.86719e+00         3.62453e+01         6.60156e+01
         9.87022e+00         3.93562e+01         6.50360e+01
         9.87328e+00         4.07564e+01         7.27047e+01
         9.87631e+00         4.20840e+01         7.65068e+01
         9.87933e+00         4.34322e+01         7.00349e+01
         9.88239e+00         3.92791e+01         6.79043e+01
         9.88542e+00         3.80037e+01         7.13369e+01
         9.88844e+00         3.67245e+01         7.30148e+01
         9.89150e+00         3.57883e+01         7.73242e+01
         9.89453e+00         3.22146e+01         7.62787e+01
         9.89756e+00         3.28279e+01         7.42912e+01
         9.90061e+00         3.22726e+01         7.18683e+01
         9.90364e+00         3.23884e+01         7.33326e+01
         9.90667e+00         3.62276e+01         7.82311e+01
         9.90972e+00         3.99092e+01         7.63803e+01
         9.91275e+00         3.88584e+01         7.21067e+01
         9.91578e+00         3.54661e+01         7.00930e+01
         9.91883e+00         3.23564e+01         7.04054e+01
         9.92186e+00         3.47817e+01         6.84074e+01
         9.92489e+00         3.71543e+01         7.34891e+01
         9.92794e+00         3.95799e+01         7.76042e+01
         9.93097e+00         3.49544e+01         6.81133e+01
         9.93400e+00         3.20272e+01         6.79823e+01
         9.93706e+00         3.48249e+01         6.26329e+01
         9.94008e+00         3.34100e+01         6.45980e+01
         9.94311e+00         3.19481e+01         6.11359e+01
         9.94614e+00         4.00480e+01         7.86655e+01
         9.94919e+00         3.88098e+01         7.49643e+01
         9.95222e+00         2.95996e+01         6.16755e+01
         9.95525e+00         3.03793e+01         5.56526e+01
         9.95831e+00         3.95701e+01         6.98083e+01
         9.96133e+00         3.47456e+01         7.46674e+01
         9.96436e+00         2.90202e+01         6.69867e+01
         9.96742e+00         2.90358e+01         5.30129e+01
         9.97044e+00         3.21993e+01         5.82622e+01
         9.97347e+00         3.29654e+01         6.94971e+01
         9.97653e+00         2.73283e+01         6.62022e+01
         9.97956e+00         2.93297e+01         5.96475e+01
         9.98258e+00         3.85747e+01         6.58277e+01
         9.98564e+00         3.86731e+01         6.21102e+01
         9.98867e+00         3.07940e+01         6.07431e+01
         9.99169e+00         3.07529e+01         6.40599e+01
         9.99475e+00         3.77849e+01         6.24964e+01
         9.99778e+00         3.97938e+01         6.49314e+01
