         7.00094e+00        -2.05427e+00        -1.09174e+02
         7.00397e+00        -7.33461e+01        -3.02067e+02
         7.00703e+00         9.48721e+01        -1.80296e+02
         7.01006e+00         1.34879e+02        -4.56345e+02
         7.01308e+00        -9.76974e+01        -4.79356e+02
         7.01611e+00         2.11342e+01        -7.17922e+02
         7.01914e+00        -4.78878e+01        -6.91137e+02
         7.02217e+00         6.54301e+01        -8.39667e+02
         7.02519e+00        -9.24377e+01        -1.02578e+02
         7.02822e+00         1.11318e+02         2.04421e+01
         7.03128e+00         2.54350e+02         1.41655e+02
         7.03431e+00         1.94378e+02         1.77701e+02
         7.03733e+00         3.21828e+01        -1.54721e+02
         7.04036e+00         4.43746e+01        -2.38597e+02
         7.04339e+00         1.01232e+02        -3.47900e+02
         7.04642e+00        -1.06450e+02        -4.65530e+02
         7.04944e+00        -7.98402e+01        -3.45120e+02
         7.05247e+00        -4.60915e+01        -5.53906e+02
         7.05553e+00         8.69271e+01        -4.49543e+02
         7.05856e+00        -4.29315e+01        -4.36908e+02
         7.06158e+00        -1.51866e+02        -3.63599e+02
         7.06461e+00        -6.55831e+01        -2.37744e+02
         7.06764e+00         5.59633e+01        -1.19718e+02
         7.07067e+00         1.11680e+02        -4.82502e+01
         7.07369e+00        -3.48685e+01        -1.67759e+02
         7.07672e+00        -1.44917e+02        -2.81981e+02
         7.07975e+00        -6.60109e+01        -1.95920e+02
         7.08281e+00         2.15672e+01        -9.53664e+01
         7.08583e+00         1.16680e+01        -5.70873e+01
         7.08886e+00         7.00456e+00        -7.02161e+01
         7.09189e+00         9.87906e-01        -3.52923e+02
         7.09492e+00        -1.07801e+02        -4.96079e+02
         7.09794e+00        -6.65628e+01        -5.50277e+02
         7.10097e+00         1.15761e+01        -3.99760e+02
         7.10400e+00        -5.89531e+00        -3.79462e+02
         7.10706e+00        -6.76524e+01        -2.97900e+02
         7.11008e+00        -1.11074e+02        -1.95480e+02
         7.11311e+00        -1.47349e+02         1.04741e+01
         7.11614e+00        -1.25457e+02         1.62510e+02
         7.11917e+00        -1.06355e+02         2.07280e+02
         7.12219e+00        -3.82482e+01         2.41477e+02
         7.12522e+00         3.22922e+01         2.53883e+02
         7.12825e+00         7.45271e+00         2.20709e+02
         7.13131e+00        -9.41547e+01         1.87632e+00
         7.13433e+00        -3.86224e+01        -2.24225e+02
         7.13736e+00         1.32084e+02        -3.62551e+02
         7.14039e+00         1.91539e+02        -2.81494e+02
         7.14342e+00         1.29577e+02        -3.59356e+02
         7.14644e+00         8.86099e+01        -4.47273e+02
         7.14947e+00         1.72342e+02        -2.23965e+02
         7.15250e+00         9.00123e+01        -2.85037e+02
         7.15556e+00        -1.16012e+02        -5.05443e+02
         7.15858e+00        -4.49154e+01        -5.39079e+02
         7.16161e+00         2.40104e+01        -4.49409e+02
         7.16464e+00         8.39178e+00        -3.54968e+02
         7.16767e+00         5.39369e+00        -4.63935e+02
         7.17069e+00         2.15785e+00        -3.80724e+02
         7.17372e+00         1.14597e+02        -1.62091e+02
         7.17675e+00         2.02300e+02         9.84124e+00
         7.17978e+00        -1.78165e+01         1.46176e+02
         7.18283e+00        -1.16400e+02         2.03697e+02
         7.18586e+00        -1.01756e+02         2.16691e+02
         7.18889e+00        -6.70789e+01         1.77445e+02
         7.19192e+00        -6.71733e+01         1.32095e+02
         7.19494e+00         6.98712e+01         3.40749e+01
         7.19797e+00         4.48910e+01        -5.31873e+02
         7.20100e+00        -9.46810e+01        -5.23317e+02
         7.20403e+00         2.26221e+01        -4.00811e+02
         7.20708e+00         1.00240e+02        -5.71372e+02
         7.21011e+00        -6.63125e+00        -6.36102e+02
         7.21314e+00        -1.67402e-01        -5.41839e+02
         7.21617e+00         6.24870e+01        -3.27149e+02
         7.21919e+00         1.66470e+00        -2.31901e+02
         7.22222e+00        -6.01626e+01        -3.02455e+02
         7.22525e+00        -4.76146e+01        -2.82649e+02
         7.22828e+00        -7.00096e+01         1.02578e+01
         7.23133e+00         1.58327e+01         3.14954e+02
         7.23436e+00         9.03998e+01         3.44870e+02
         7.23739e+00         6.73241e+01         9.00406e+01
         7.24042e+00         1.81473e+02        -3.12111e+02
         7.24344e+00         1.98514e+02        -3.45335e+02
         7.24647e+00         1.54429e+02        -2.94896e+02
         7.24950e+00         4.70712e+01        -3.19833e+02
         7.25253e+00         2.92705e+01        -5.20378e+02
         7.25558e+00        -1.87344e+01        -5.00311e+02
         7.25861e+00         1.82845e+01        -6.25952e+02
         7.26164e+00         8.60301e+01        -5.43184e+02
         7.26467e+00         8.37670e+01        -2.67979e+02
         7.26769e+00         1.13851e+02        -1.03155e+02
         7.27072e+00         9.20109e+01        -1.88548e+02
         7.27375e+00         6.50596e+01        -3.44126e+02
         7.27678e+00        -8.25856e+00        -3.69423e+02
         7.27983e+00         1.18826e+01        -3.22874e+02
         7.28286e+00         2.48912e+01        -4.51297e+02
         7.28589e+00        -3.98613e+01        -4.84092e+02
         7.28892e+00        -3.21261e+00        -1.48756e+02
         7.29194e+00         1.04655e+02         9.98168e+01
         7.29497e+00         1.09013e+02        -1.97411e+02
         7.29800e+00        -4.79016e+01        -2.78686e+02
         7.30103e+00         9.32147e+00         8.97167e+01
         7.30406e+00         2.51212e+02        -1.08439e+02
         7.30711e+00        -6.03989e+01        -3.77223e+02
         7.31014e+00        -1.70607e+02        -1.81647e+02
         7.31317e+00        -9.42952e+01        -6.68438e+00
         7.31619e+00         1.45237e+02         5.44895e+01
         7.31922e+00         1.50428e+02        -8.31465e+02
         7.32225e+00        -1.38880e+02        -3.41935e+02
         7.32528e+00         1.88968e+00        -7.60063e+01
         7.32831e+00         2.50830e+02        -6.41834e+02
         7.33136e+00        -2.64199e+01        -4.94818e+02
         7.33439e+00        -1.63054e+02        -4.02077e+02
         7.33742e+00        -1.31455e+01        -3.21604e+02
         7.34044e+00         1.83527e+02        -2.69157e+02
         7.34347e+00        -7.16105e+01         1.13667e+02
         7.34650e+00        -4.80544e+01         1.01394e+02
         7.34953e+00         3.81042e+01         1.02740e+02
         7.35256e+00         4.86067e+01        -6.41881e+01
         7.35561e+00        -1.93031e+01        -2.73934e+02
         7.35864e+00        -6.61005e+01        -9.56868e+00
         7.36167e+00         1.41663e+01         1.28653e+02
         7.36469e+00         1.71132e+02        -5.14197e+00
         7.36772e+00        -1.13714e+01        -2.90012e+01
         7.37075e+00        -1.13732e+02        -1.15349e+02
         7.37378e+00        -8.65852e+01        -4.63629e+02
         7.37681e+00        -1.74612e+01        -4.82822e+02
         7.37986e+00        -1.31789e+01        -5.01547e+02
         7.38289e+00        -1.59775e+00        -4.39562e+02
         7.38592e+00         6.52271e+01        -1.40446e+02
         7.38894e+00         1.77253e+02        -1.04621e+02
         7.39197e+00         4.60835e+01        -1.06053e+02
         7.39500e+00        -1.52952e+02        -1.07483e+02
         7.39803e+00        -1.13575e+02        -3.21324e-01
         7.40106e+00         3.06944e+01         1.96198e+02
         7.40408e+00         1.05296e+02        -1.34728e+02
         7.40714e+00        -6.03885e+01         5.74734e+01
         7.41017e+00        -1.18059e+02         1.32858e+02
         7.41319e+00         1.00142e+01        -2.66106e+02
         7.41622e+00         6.47930e+01        -4.97234e+02
         7.41925e+00        -7.18577e+01        -2.86606e+02
         7.42228e+00        -5.10579e+01        -2.15329e+02
         7.42531e+00         8.61612e+00        -2.36501e+02
         7.42833e+00        -9.28259e+01        -3.70007e+02
         7.43139e+00        -5.65288e+01        -4.89076e+02
         7.43442e+00        -4.21739e+01        -2.59380e+02
         7.43744e+00         8.41744e+01        -4.63844e+02
         7.44047e+00         6.45397e+01        -3.24635e+02
         7.44350e+00        -1.97614e+01         5.63645e+02
         7.44653e+00         1.17586e+02         1.59391e+02
         7.44956e+00         1.00160e+02        -2.92871e+02
         7.45258e+00        -1.36379e+02         7.45740e+01
         7.45564e+00        -1.23831e+02        -1.17412e+02
         7.45867e+00        -2.90389e+01        -3.33831e+02
         7.46169e+00        -3.54501e+01        -2.57355e+02
         7.46472e+00        -1.04806e+02        -2.59075e+01
         7.46775e+00        -1.60447e+00         3.53459e+02
         7.47078e+00         1.25313e+02         1.61717e+02
         7.47381e+00         1.57887e+02        -2.37698e+02
         7.47683e+00        -7.52416e-01         1.70225e+01
         7.47989e+00        -2.64532e+01         4.46858e+01
         7.48292e+00        -3.42763e+01        -2.01523e+02
         7.48594e+00        -4.04947e+01        -1.13893e+02
         7.48897e+00        -8.42570e+01        -2.82697e+02
         7.49200e+00        -1.52693e+02         7.62953e+01
         7.49503e+00         9.14304e+01        -4.97834e+02
         7.49806e+00         3.73051e+01        -4.25783e+02
         7.50108e+00        -4.62194e+01        -5.82261e+01
         7.50411e+00        -3.26029e+01         1.76123e+02
         7.50717e+00        -4.85994e+01         2.06247e+01
         7.51019e+00        -2.17006e+01         4.72942e+01
         7.51322e+00         1.04460e+02         1.27880e+02
         7.51625e+00         1.39422e+02         2.13258e+02
         7.51928e+00         1.45404e+02         1.99261e+02
         7.52231e+00         7.29485e+01        -1.06052e+02
         7.52533e+00         5.79580e-01        -4.87847e+02
         7.52836e+00        -8.67862e+01        -4.98244e+02
         7.53142e+00        -9.50299e+01        -4.49018e+02
         7.53444e+00         7.15794e+00        -3.40086e+02
         7.53747e+00         1.06590e+02        -3.50891e+02
         7.54050e+00        -6.72302e+01        -2.31999e+02
         7.54353e+00        -1.09455e+02         4.05262e+01
         7.54656e+00        -7.21237e+01        -1.86006e+02
         7.54958e+00        -2.43202e+01        -2.55215e+02
         7.55261e+00        -3.67297e+01        -6.90696e+01
         7.55567e+00        -8.08244e+01         2.15277e+01
         7.55869e+00        -8.40182e+01         4.49373e+01
         7.56172e+00        -3.02182e+01        -2.38799e+02
         7.56475e+00        -1.05851e+02        -2.78812e+02
         7.56778e+00        -1.51114e+01        -5.08978e+02
         7.57081e+00        -8.75865e+01        -4.65957e+02
         7.57383e+00        -3.55398e+01        -6.24230e+02
         7.57686e+00        -1.63997e+02        -5.51988e+02
         7.57992e+00        -2.19186e+02        -1.73164e+02
         7.58294e+00        -1.55675e+02        -2.94284e+02
         7.58597e+00        -1.01178e+02        -4.45511e+01
         7.58900e+00         8.81249e+01        -8.04417e+01
         7.59203e+00        -5.05024e+01         1.38365e+02
         7.59506e+00         1.30888e+02        -1.52346e+02
         7.59808e+00        -1.20403e+01        -1.24342e+02
         7.60111e+00         2.87830e+01        -3.98012e+02
         7.60414e+00         3.70292e+01        -3.39738e+02
         7.60719e+00         5.07159e+01        -5.16878e+02
         7.61022e+00         1.87812e+00        -5.32300e+02
         7.61325e+00        -1.07620e+02        -5.43289e+01
         7.61628e+00        -1.13979e+02        -1.54867e+02
         7.61931e+00         1.99738e+01        -8.50205e+01
         7.62233e+00         2.48363e+01        -1.10293e+02
         7.62536e+00        -2.85291e+01        -2.07360e+02
         7.62839e+00        -5.25871e+01        -1.14773e+02
         7.63144e+00        -4.15300e+01        -1.89741e+02
         7.63447e+00        -5.90444e+01        -5.62990e+02
         7.63750e+00        -9.62943e+00        -6.23949e+02
         7.64053e+00        -7.82373e+01        -4.89884e+02
         7.64356e+00        -3.49577e+01        -4.65072e+02
         7.64658e+00        -1.17216e+02        -3.42044e+02
         7.64961e+00        -7.13740e+01         9.61614e+01
         7.65264e+00         2.11394e+01         4.72465e+00
         7.65569e+00        -2.25047e+01         1.22461e+01
         7.65872e+00         4.03561e+01         5.83261e+01
         7.66175e+00         4.25364e+01        -3.53077e+02
         7.66478e+00        -7.84690e+01        -5.40509e+02
         7.66781e+00        -1.32718e+02        -6.18453e+02
         7.67083e+00        -7.33435e+01        -4.85730e+02
         7.67386e+00        -7.32334e+01        -6.26780e+02
         7.67689e+00        -8.82718e+01        -1.15441e+02
         7.67994e+00        -4.05933e+01         1.47291e+02
         7.68297e+00         1.99772e+01        -5.60523e+02
         7.68600e+00        -1.44980e+02         2.59862e+02
         7.68903e+00         5.59203e+01        -4.55731e+02
         7.69206e+00        -7.84439e+01        -1.47293e+02
         7.69508e+00         1.94902e+01        -8.42781e+02
         7.69811e+00        -3.20066e+02        -2.79287e+01
         7.70114e+00         6.45445e+01        -1.57467e+03
         7.70417e+00        -2.43837e+02        -7.78532e+02
         7.70722e+00        -2.51872e+02        -1.14072e+03
         7.71025e+00        -3.64927e+02        -2.54296e+02
         7.71328e+00        -3.32233e+01         1.82320e+02
         7.71631e+00        -5.14555e+01         1.38430e+01
         7.71933e+00        -3.43340e+02         5.10307e+02
         7.72236e+00        -1.10135e+02         1.72287e+02
         7.72539e+00        -1.28785e+02         1.78288e+02
         7.72842e+00        -6.50225e+01        -5.69712e+02
         7.73147e+00         7.19919e+01        -7.49619e+02
         7.73450e+00        -2.48735e+02        -7.49692e+02
         7.73753e+00         7.15339e+01        -7.42848e+02
         7.74056e+00        -7.34901e+01        -1.07672e+03
         7.74358e+00        -1.22772e+02        -5.40983e+02
         7.74661e+00         6.61232e+01        -1.50339e+02
         7.74964e+00        -7.32595e+01         6.03040e+01
         7.75267e+00        -1.63398e+02         2.17135e+02
         7.75572e+00        -1.43930e+02         1.02453e+02
         7.75875e+00         1.99460e+02         1.65945e+02
         7.76178e+00         1.14002e+02        -8.00746e+01
         7.76481e+00        -1.41731e+02        -1.09873e+02
         7.76783e+00        -8.36048e+00        -9.68682e+02
         7.77086e+00        -4.13558e+02        -5.14734e+02
         7.77389e+00        -1.71731e+02        -3.10927e+02
         7.77692e+00        -8.80767e+01         7.95737e+01
         7.77997e+00        -5.87757e+00         2.38342e+02
         7.78300e+00        -4.11068e+01         5.19929e+01
         7.78603e+00        -1.21008e+02         1.27063e+02
         7.78906e+00        -1.72906e+02        -1.21832e+02
         7.79208e+00        -1.12175e+02         4.46479e+02
         7.79511e+00        -6.36880e+01         6.19757e+02
         7.79814e+00        -1.89468e+02         3.01175e+02
         7.80117e+00        -9.41833e+01         3.07582e+02
         7.80419e+00        -1.01328e+02        -7.54721e+01
         7.80725e+00        -9.95462e+01        -4.74681e+01
         7.81028e+00         5.89936e+01        -1.33120e+02
         7.81331e+00        -4.32248e+01        -4.35816e+02
         7.81633e+00        -8.83836e+01        -7.17577e+02
         7.81936e+00        -1.65948e+01        -2.46001e+02
         7.82239e+00         1.59812e+01        -9.71186e+01
         7.82542e+00        -4.49169e+01         2.48420e+02
         7.82844e+00        -1.96108e+02         2.15853e+02
         7.83150e+00        -2.90489e+01         4.20268e+02
         7.83453e+00         3.65568e+00         1.75764e+02
         7.83756e+00         1.06064e+02        -1.84383e+02
         7.84058e+00        -2.05863e+02        -5.67696e+01
         7.84361e+00        -5.49815e+01         1.96521e+02
         7.84664e+00        -2.60411e+02        -1.86041e+02
         7.84967e+00        -1.58040e+02        -8.21431e+01
         7.85269e+00        -1.46635e+02        -5.12709e+02
         7.85575e+00        -1.67619e+02        -6.33400e+02
         7.85878e+00        -9.23245e+01        -3.68856e+02
         7.86181e+00         3.93997e+01        -3.67389e+02
         7.86483e+00         1.68304e+02         2.44635e+02
         7.86786e+00         1.89135e+02         3.17245e+02
         7.87089e+00        -1.68906e+02        -4.40617e+02
         7.87392e+00        -1.92369e+02        -5.14241e+02
         7.87694e+00         8.45123e+01        -7.95161e+01
         7.88000e+00         1.46985e+02        -1.90558e+02
         7.88303e+00        -1.58800e+02        -2.95258e+02
         7.88606e+00        -3.68166e+02         2.04246e+02
         7.88908e+00        -3.40162e+02         1.14588e+02
         7.89211e+00        -3.65157e+01         1.59991e+02
         7.89514e+00         3.54367e+02         4.84478e+02
         7.89817e+00        -4.56481e+01         5.59583e+02
         7.90119e+00        -3.35212e+01        -4.72749e+02
         7.90422e+00         1.75180e+02        -1.10846e+01
         7.90728e+00        -1.99001e+02        -4.63799e+01
         7.91031e+00        -1.69033e+02         4.78205e+02
         7.91333e+00         6.56254e+02         7.70539e+02
         7.91636e+00         3.28907e+02         4.94094e+02
         7.91939e+00         1.35599e+02        -9.54535e+00
         7.92242e+00         6.08353e+02        -5.06549e+02
         7.92544e+00         6.42641e+02        -2.17765e+02
         7.92847e+00         3.14235e+02        -3.53965e+02
         7.93153e+00        -9.43687e+02        -1.26914e+03
         7.93456e+00        -5.05293e+02        -7.00723e+02
         7.93758e+00         7.94845e+00        -2.13399e+02
         7.94061e+00         5.77077e+01        -5.62355e+02
         7.94364e+00        -3.20934e+00        -3.07409e+02
         7.94667e+00        -2.43483e+02         2.33810e+02
         7.94969e+00        -1.67423e+02         3.93075e+02
         7.95272e+00        -3.88065e+02        -5.93296e+02
         7.95578e+00        -5.99220e+02         4.39823e+01
         7.95881e+00        -3.76362e+02         4.02942e+01
         7.96183e+00         1.95972e+02         9.37824e+02
         7.96486e+00        -3.26826e+01         1.06625e+03
         7.96789e+00        -1.60818e+02         8.50800e+02
         7.97092e+00        -8.21081e+01         9.61060e+02
         7.97394e+00         2.48884e+02         2.96027e+02
         7.97697e+00        -4.09839e+01         9.50024e+01
         7.98003e+00        -8.41981e+02        -5.50372e+02
         7.98306e+00        -9.06640e+02        -2.74963e+02
         7.98608e+00        -5.90748e+02        -5.80034e+02
         7.98911e+00        -6.15430e+02        -5.85784e+02
         7.99214e+00        -2.00599e+02        -4.07079e+02
         7.99517e+00        -7.17836e+02        -3.10531e+02
         7.99819e+00        -6.14651e+02        -5.20571e+02
         8.00122e+00        -6.04659e+02        -6.40894e+02
         8.00425e+00         2.99130e+02         2.00090e+02
         8.00731e+00         5.13928e+02         1.31769e+03
         8.01033e+00         9.41377e+02         9.95192e+02
         8.01336e+00         1.34195e+03         1.16682e+03
         8.01639e+00         1.40245e+03         1.18729e+03
         8.01942e+00         1.17636e+03         5.08474e+02
         8.02244e+00         7.42987e+02         1.91823e+02
         8.02547e+00         4.13092e+02        -3.07094e+02
         8.02850e+00         2.36641e+02        -6.37940e+02
         8.03156e+00         9.09707e+02        -1.63007e+03
         8.03458e+00         8.13231e+01        -9.25747e+02
         8.03761e+00        -3.39220e+02         1.28960e+02
         8.04064e+00        -1.79469e+02         2.10571e+02
         8.04367e+00         4.31853e+02        -1.51985e+03
         8.04669e+00         7.79326e+01        -8.63362e+02
         8.04972e+00         6.22801e+01         1.83587e+02
         8.05275e+00         5.20346e+02         2.58817e+02
         8.05581e+00         5.44185e+02        -2.70140e+02
         8.05883e+00         7.22387e+01         9.45678e+01
         8.06186e+00        -3.36986e+02        -2.07161e+01
         8.06489e+00        -3.02933e+02        -5.12094e+02
         8.06792e+00         4.05718e+01        -7.73032e+02
         8.07094e+00        -3.19539e+01        -4.45926e+02
         8.07397e+00        -4.78866e+01         5.46602e+01
         8.07700e+00        -1.24409e+02         3.64877e+01
         8.08006e+00        -3.15760e+02         5.13201e+01
         8.08308e+00        -2.35644e+02        -3.65916e+02
         8.08611e+00        -2.80789e+02        -3.67361e+02
         8.08914e+00        -3.37383e+02        -4.83539e+02
         8.09217e+00        -6.44167e+02        -5.87070e+02
         8.09519e+00        -5.28797e+02        -7.52663e+02
         8.09822e+00        -8.42874e+02        -1.64899e+03
         8.10125e+00        -5.36475e+02        -9.65749e+02
         8.10428e+00         3.00729e+01        -1.75761e+02
         8.10733e+00        -1.09487e+02         2.02074e+02
         8.11036e+00         1.69970e+01         5.52558e+02
         8.11339e+00         6.97511e+01         1.52472e+02
         8.11642e+00         5.87266e+01         5.28052e+02
         8.11944e+00         7.57093e+01         1.95136e+03
         8.12247e+00        -1.47414e+02         1.40527e+03
         8.12550e+00        -1.49669e+02         7.76813e+02
         8.12853e+00         1.82740e+02         1.29322e+03
         8.13158e+00         4.64677e+02         1.04310e+03
         8.13461e+00         3.86419e+02         3.01565e+02
         8.13764e+00         1.81668e+02         1.79492e+02
         8.14067e+00        -1.60323e+02         2.61300e+01
         8.14369e+00         2.06457e+02         1.31679e+02
         8.14672e+00         4.61367e+02         2.89789e+02
         8.14975e+00         8.25699e+01         1.88952e+02
         8.15278e+00        -4.33060e+01         5.19716e+02
         8.15583e+00         4.35849e+01         3.90279e+02
         8.15886e+00        -2.94870e+02        -5.61721e+02
         8.16189e+00        -2.47130e+02        -6.50617e+02
         8.16492e+00        -2.03281e+02        -9.12496e+02
         8.16794e+00        -1.81802e+02        -5.02530e+02
         8.17097e+00        -3.00255e+02         2.88830e+02
         8.17400e+00        -4.25054e+02         3.90524e+02
         8.17703e+00        -4.28516e+02         4.50089e+02
         8.18008e+00        -5.60961e+02         5.48273e+02
         8.18311e+00        -9.55162e+02         1.98612e+03
         8.18614e+00        -4.95578e+02         1.07608e+03
         8.18917e+00        -2.34688e+02         6.80439e+02
         8.19219e+00        -4.75612e+02         8.59950e+02
         8.19522e+00        -3.10510e+02         8.51107e+02
         8.19825e+00        -4.18107e+02         8.59761e+02
         8.20128e+00        -2.58550e+02         1.49474e+03
         8.20431e+00        -1.89035e+02         7.94411e+02
         8.20736e+00        -2.56943e+02         1.70566e+02
         8.21039e+00        -1.55208e+02         2.38614e+02
         8.21342e+00        -1.74375e+02         4.26892e+02
         8.21644e+00         8.70369e+01         3.05617e+02
         8.21947e+00         1.88259e+02        -2.28834e+02
         8.22250e+00         3.70464e+02        -2.73190e+02
         8.22553e+00         2.57273e+02        -4.77510e+02
         8.22856e+00         8.42546e+02         2.64966e+02
         8.23161e+00         5.73572e+02        -7.23806e+02
         8.23464e+00        -2.86861e+02        -1.06349e+03
         8.23767e+00        -4.63245e+02        -1.13477e+03
         8.24069e+00        -9.78611e+02         1.16594e+03
         8.24372e+00        -8.88018e+02         9.09360e+02
         8.24675e+00        -4.27943e+02         4.44310e+02
         8.24978e+00        -1.08751e+02         3.48329e+02
         8.25281e+00         1.19441e+02         1.17832e+02
         8.25586e+00        -5.99118e+02        -9.69525e+02
         8.25889e+00        -1.37696e+03         6.85924e+02
         8.26192e+00        -9.97660e+02         2.88100e+02
         8.26494e+00        -2.05942e+03        -4.26585e+02
         8.26797e+00        -1.58108e+03        -2.37310e+02
         8.27100e+00        -7.06972e+02        -2.55267e+02
         8.27403e+00         2.96456e+02         3.91360e+02
         8.27706e+00         7.72098e+02         5.86520e+02
         8.28011e+00         6.96270e+02         7.13198e+02
         8.28314e+00         4.47076e+02         1.62954e+03
         8.28617e+00        -1.78069e+02         1.45330e+03
         8.28919e+00        -3.74460e+02         1.79848e+03
         8.29222e+00        -3.18750e+02         1.31558e+03
         8.29525e+00        -3.50733e+02         1.04631e+03
         8.29828e+00        -2.89258e+02         8.66958e+02
         8.30131e+00        -1.24477e+02         4.32530e+02
         8.30436e+00        -9.81121e+01         8.98303e+01
         8.30739e+00        -3.05650e+02        -1.92320e+02
         8.31042e+00        -5.78748e+02        -8.25370e+02
         8.31344e+00        -4.18368e+02        -8.59303e+02
         8.31647e+00        -6.60391e+02        -1.13399e+03
         8.31950e+00         1.34101e+01         5.25196e+02
         8.32253e+00        -3.94545e+02        -5.33311e+02
         8.32556e+00        -5.53690e+02        -9.79345e+02
         8.32858e+00        -3.14752e+02        -3.24671e+02
         8.33164e+00        -4.61179e+02         3.84223e+01
         8.33467e+00        -3.39654e+02        -1.04703e+02
         8.33769e+00        -2.68333e+02         3.33299e+02
         8.34072e+00        -3.10130e+02         1.00887e+02
         8.34375e+00        -2.85456e+02         1.93960e+02
         8.34678e+00        -5.42902e+02         2.23286e+02
         8.34981e+00        -7.89500e+01        -3.23582e+02
         8.35283e+00        -2.15390e+02        -2.40494e+01
         8.35589e+00        -1.56394e+02         5.43230e+02
         8.35892e+00        -2.14140e+02         9.56093e+02
         8.36194e+00        -4.16335e+01         1.02551e+03
         8.36497e+00        -8.38413e+01         6.81625e+02
         8.36800e+00        -1.09211e+01         5.30570e+02
         8.37103e+00        -1.18324e+02         2.97916e+02
         8.37406e+00         1.31262e+02         4.17804e+02
         8.37708e+00         4.13112e+02         3.19284e+02
         8.38014e+00         7.47903e+02         2.82200e+02
         8.38317e+00         8.70027e+02         1.82999e+02
         8.38619e+00         1.11759e+03         3.59123e+02
         8.38922e+00         1.18628e+03         6.45140e+02
         8.39225e+00         9.74356e+02         1.19482e+03
         8.39528e+00         8.36080e+02         9.77558e+02
         8.39831e+00         8.33971e+02         8.99815e+02
         8.40133e+00         7.73125e+02         1.10670e+03
         8.40439e+00         1.02947e+03         8.90087e+02
         8.40742e+00         5.92373e+02        -4.40782e+01
         8.41044e+00         9.19651e+01        -9.34134e+01
         8.41347e+00         2.76928e+02         2.79778e+02
         8.41650e+00         9.37946e+01         3.01892e+02
         8.41953e+00         3.28254e+01        -1.30556e+02
         8.42256e+00         1.37229e+01        -7.42162e+01
         8.42558e+00        -2.43414e+02         1.68195e+02
         8.42861e+00        -4.79947e+02         1.04207e+02
         8.43167e+00        -5.75352e+02        -2.17590e+02
         8.43469e+00        -6.76404e+02        -4.03640e+02
         8.43772e+00        -7.13800e+02        -4.10524e+02
         8.44075e+00        -1.19308e+03        -2.98770e+02
         8.44378e+00        -2.61834e+02        -9.80255e+02
         8.44681e+00        -4.37355e+02        -8.63904e+02
         8.44983e+00        -3.94433e+02        -9.78600e+02
         8.45286e+00        -6.44050e+02         1.81217e+01
         8.45592e+00        -5.49403e+02        -2.74007e+02
         8.45894e+00        -1.21023e+03         6.86896e+02
         8.46197e+00        -7.49649e+02        -5.55051e+02
         8.46500e+00        -6.34628e+02        -3.53714e+02
         8.46803e+00        -1.22842e+02         2.90380e+02
         8.47106e+00        -1.12348e+01         4.16600e+02
         8.47408e+00         1.48109e+02         8.34936e+02
         8.47711e+00         3.71660e+02         9.42302e+02
         8.48017e+00         5.46767e+02         7.00413e+02
         8.48319e+00         4.24988e+02         8.99029e+02
         8.48622e+00         6.76883e+02         5.73330e+02
         8.48925e+00         3.00481e+02        -2.13973e+02
         8.49228e+00         3.99940e+02         2.65626e+02
         8.49531e+00         1.16183e+03         5.10803e+02
         8.49833e+00         9.64667e+02         8.00949e+02
         8.50136e+00         8.64504e+02         6.14715e+02
         8.50442e+00         1.52683e+03         1.16725e+03
         8.50744e+00         8.16304e+02         8.18166e+02
         8.51047e+00         5.85075e+02         7.16621e+02
         8.51350e+00         4.33023e+02         7.23055e+02
         8.51653e+00         1.27926e+02         8.99464e+02
         8.51956e+00         1.95644e+02         8.85921e+02
         8.52258e+00         3.13105e+02         6.08721e+02
         8.52561e+00         1.37849e+02         1.67635e+02
         8.52864e+00        -4.61191e+01         1.54389e+02
         8.53169e+00        -2.74665e+02        -2.37452e+02
         8.53472e+00        -2.53095e+02        -1.68018e+02
         8.53775e+00        -1.52800e+02        -6.70857e+02
         8.54078e+00        -2.34981e+02        -7.51581e+02
         8.54381e+00        -7.38469e+02         2.75757e+01
         8.54683e+00        -3.87884e+02         3.58887e+02
         8.54986e+00         1.76435e+02        -8.14751e+01
         8.55289e+00         9.78648e+02        -2.22047e+02
         8.55594e+00         9.56880e+02        -3.05145e+02
         8.55897e+00         3.96515e+02        -1.59693e+02
         8.56200e+00        -7.31675e+01        -1.06462e+02
         8.56503e+00        -1.45198e+02        -2.17255e+02
         8.56806e+00        -1.70177e+02         3.02165e+02
         8.57108e+00        -9.27825e+01         4.29595e+02
         8.57411e+00        -4.66433e-01        -1.81073e+02
         8.57714e+00         2.34139e+02        -5.02350e+02
         8.58019e+00         2.57938e+02        -5.03594e+02
         8.58322e+00         6.30890e+00        -4.88634e+02
         8.58625e+00        -2.63465e+02        -2.40057e+02
         8.58928e+00        -2.63480e+02         6.68675e+00
         8.59231e+00         1.17032e+02         7.48542e+01
         8.59533e+00         6.73606e+01        -2.34107e+02
         8.59836e+00         2.88179e+02        -6.78122e+02
         8.60139e+00         5.81349e+02        -1.03076e+03
         8.60444e+00        -1.64229e+02        -7.19471e+02
         8.60747e+00        -1.55926e+02        -1.34000e+02
         8.61050e+00        -7.68864e+01         2.42698e+02
         8.61353e+00        -2.02941e+02         3.74789e+02
         8.61656e+00        -2.66073e+02         4.80513e+02
         8.61958e+00         1.06518e+02        -8.17735e+02
         8.62261e+00        -1.86155e+02        -6.63941e+02
         8.62564e+00        -1.54448e+02        -7.97104e+01
         8.62867e+00        -3.65846e+02         1.67192e+02
         8.63172e+00        -3.83517e+02         6.29180e+02
         8.63475e+00        -5.51047e+02         3.21000e+02
         8.63778e+00         6.15963e+01        -1.40766e+02
         8.64081e+00         8.11723e+01        -4.49565e+02
         8.64383e+00         2.08530e+01         2.56005e+01
         8.64686e+00         1.44975e+02         2.40105e+01
         8.64989e+00        -5.84927e+01         5.21818e+02
         8.65292e+00        -1.84704e+02         5.93926e+02
         8.65597e+00         1.77598e+02         9.21369e+01
         8.65900e+00        -4.65525e+01        -5.73429e+02
         8.66203e+00        -1.34001e+02        -3.38443e+02
         8.66506e+00        -1.88956e+02        -4.69332e+02
         8.66808e+00        -1.74817e+02        -4.80161e+02
         8.67111e+00        -4.30814e+02         3.91642e+00
         8.67414e+00         1.83372e+02        -7.02050e+02
         8.67717e+00         2.27798e+02        -6.12438e+02
         8.68022e+00        -1.55220e+02        -1.42523e+02
         8.68325e+00        -1.83961e+02        -2.15277e+02
         8.68628e+00        -2.79659e+02         3.99069e+02
         8.68931e+00        -1.52822e+02         8.00589e-01
         8.69233e+00        -7.23560e+01        -2.60104e+02
         8.69536e+00        -1.13163e+02         2.12806e+02
         8.69839e+00        -1.14275e+02        -1.55989e+02
         8.70142e+00         1.88175e+01        -1.24909e+02
         8.70447e+00         5.09442e+01        -3.04858e+02
         8.70750e+00        -1.23137e+02        -3.16339e+02
         8.71053e+00        -6.96233e+01        -4.31727e+02
         8.71356e+00        -1.68930e+02        -1.51852e+02
         8.71658e+00        -3.72941e+02         1.76031e+01
         8.71961e+00         1.02751e+01        -8.57552e+01
         8.72264e+00         3.73637e+01        -3.45155e+02
         8.72567e+00         7.88999e+00        -1.30572e+02
         8.72869e+00        -1.10629e+02         6.93642e+02
         8.73175e+00        -1.80682e+02         6.40754e+02
         8.73478e+00        -1.27393e+02        -3.22335e+02
         8.73781e+00        -1.96466e+02        -6.91288e+02
         8.74083e+00        -1.34129e+01        -2.62450e+02
         8.74386e+00         5.34003e+01         4.05828e+02
         8.74689e+00        -1.07059e+02         1.01585e+03
         8.74992e+00         5.15822e+01         2.00803e+01
         8.75294e+00        -3.08899e+02        -4.09913e+02
         8.75600e+00        -2.60517e+02        -7.01270e+02
         8.75903e+00         4.42330e+01        -2.47312e+02
         8.76206e+00         1.04611e+02        -8.91045e+00
         8.76508e+00        -2.20624e+01         1.54638e+02
         8.76811e+00        -3.65979e+01        -4.16550e+01
         8.77114e+00         1.05758e+02        -4.11970e+02
         8.77417e+00        -2.34835e+02        -1.48302e+02
         8.77719e+00        -1.93859e+02         2.53230e+02
         8.78025e+00        -3.19530e+02        -4.67263e+01
         8.78328e+00        -2.90896e+02         5.58673e+01
         8.78631e+00         1.41273e+01        -2.38534e+01
         8.78933e+00        -3.22272e+01        -2.74839e+02
         8.79236e+00         1.25484e+02        -1.11939e+02
         8.79539e+00         1.62729e+02        -5.67968e+01
         8.79842e+00         3.92076e+00        -3.57213e+02
         8.80144e+00        -8.15427e+01        -4.76122e+02
         8.80450e+00        -1.78688e+02        -2.63663e+02
         8.80753e+00        -6.73410e+01         2.57825e+02
         8.81056e+00         1.84050e+01        -3.72401e+02
         8.81358e+00        -3.66531e+01        -5.10768e+02
         8.81661e+00        -4.93706e+01         4.81020e+01
         8.81964e+00         3.64339e+01         1.74218e+02
         8.82267e+00        -1.07407e+02         7.02037e+01
         8.82569e+00        -2.17809e+02        -2.98711e+01
         8.82872e+00         1.93103e+01        -5.26123e+02
         8.83178e+00        -8.30800e+01        -4.50137e+02
         8.83481e+00        -1.22769e+02         3.17647e+02
         8.83783e+00         3.79051e-01         5.72413e+02
         8.84086e+00         1.02359e+02        -2.20683e+02
         8.84389e+00        -2.10253e+02        -1.13727e+02
         8.84692e+00        -9.13952e+01        -7.02372e+01
         8.84994e+00         1.28946e+01        -2.22544e+02
         8.85297e+00        -1.31480e+02         7.62760e+01
         8.85603e+00        -1.11518e+02        -1.79756e+02
         8.85906e+00        -1.35731e+02        -4.41690e+02
         8.86208e+00        -5.38544e+01        -1.60665e+02
         8.86511e+00        -3.64694e+01        -8.15127e+01
         8.86814e+00        -1.34558e+02         6.44105e+01
         8.87117e+00        -9.17898e+01         2.06749e+01
         8.87419e+00        -4.22555e+01        -3.16950e+02
         8.87722e+00        -4.17289e+01        -2.79430e+02
         8.88028e+00         3.08109e+01        -8.58793e+01
         8.88331e+00         8.24480e+01        -1.59865e+02
         8.88633e+00        -2.08027e+01         4.55441e+01
         8.88936e+00        -6.41304e+01        -1.20117e+02
         8.89239e+00        -1.47091e+02        -5.93962e+01
         8.89542e+00        -1.51916e+02        -2.53930e+02
         8.89844e+00        -9.42226e+01        -4.32522e+02
         8.90147e+00        -1.08881e+02        -1.90501e+02
         8.90453e+00        -1.35319e+02         1.53417e+02
         8.90756e+00        -1.61199e+02         2.39079e+02
         8.91058e+00        -1.21220e+02         2.55579e+02
         8.91361e+00        -1.10564e+02        -1.67576e+02
         8.91664e+00        -2.89850e+01        -9.36999e+01
         8.91967e+00         1.85794e+01        -3.10743e+01
         8.92269e+00        -4.62427e+01         2.01067e+01
         8.92572e+00        -1.08676e+02         1.25291e+02
         8.92875e+00        -1.18435e+02        -9.30754e+01
         8.93181e+00        -1.92209e+02        -2.65046e+02
         8.93483e+00        -2.22066e+01        -1.38031e+02
         8.93786e+00         1.39159e+01        -2.27787e+02
         8.94089e+00         2.96780e+00        -3.36116e+01
         8.94392e+00         8.03834e-01        -6.28535e+01
         8.94694e+00        -4.71102e+01         6.60019e+01
         8.94997e+00        -5.15043e+01         8.02388e+01
         8.95300e+00        -6.04367e+01        -1.95735e+02
         8.95606e+00        -1.05729e+02        -2.13735e+02
         8.95908e+00        -5.76024e+01        -1.07550e+01
         8.96211e+00        -2.88430e+01         1.96841e+01
         8.96514e+00        -4.47845e+01        -2.16094e+01
         8.96817e+00        -6.92871e+01        -1.51642e+02
         8.97119e+00        -3.16749e+01        -1.84256e+02
         8.97422e+00        -1.73316e+01        -1.52403e+02
         8.97725e+00        -1.17458e+01        -6.59898e+01
         8.98031e+00         1.64945e+01        -1.79788e+01
         8.98333e+00        -6.07107e+01        -2.73220e+01
         8.98636e+00        -7.97773e+01        -4.68158e+01
         8.98939e+00        -5.20812e+01         4.10484e+00
         8.99242e+00        -1.76083e+00         5.77096e+01
         8.99544e+00        -4.33779e+01        -4.30083e+01
         8.99847e+00        -1.02219e+02        -1.97025e+02
         9.00150e+00        -7.92593e+01        -2.23095e+02
         9.00456e+00        -1.69720e+01         2.51523e+01
         9.00758e+00         4.84974e+01         5.88537e+01
         9.01061e+00         5.53956e+01        -6.37098e+01
         9.01364e+00         3.86236e+01         5.73441e+00
         9.01667e+00        -9.75464e+00         4.69492e+01
         9.01969e+00        -7.82016e+01         5.15048e+01
         9.02272e+00        -9.89273e+01        -5.77443e+01
         9.02575e+00        -1.12751e+02        -2.17051e+02
         9.02878e+00        -5.35095e+01        -1.66479e+02
         9.03183e+00        -4.53669e+01        -2.04044e+01
         9.03486e+00        -3.94277e+01        -5.19923e+01
         9.03789e+00        -1.44248e+01        -7.05195e+01
         9.04092e+00        -1.26391e+00        -6.60175e+01
         9.04394e+00        -1.62084e+01        -7.53077e+01
         9.04697e+00        -4.16895e+01         4.91002e+00
         9.05000e+00        -3.24493e+01         8.28824e+01
         9.05303e+00        -6.30631e+00         9.75079e+01
         9.05608e+00         2.34063e-01         3.44526e+01
         9.05911e+00         1.25020e+01        -2.32036e+01
         9.06214e+00         5.70538e+01        -8.69746e+01
         9.06517e+00         1.03303e+02        -8.53097e+01
         9.06819e+00         7.16389e+01        -1.35218e+02
         9.07122e+00         1.52925e+01        -1.73323e+02
         9.07425e+00        -3.48560e+01        -1.20400e+02
         9.07728e+00        -1.18714e+02        -8.95839e+00
         9.08033e+00        -1.11673e+02        -2.05591e+01
         9.08336e+00        -6.04133e+01        -3.57174e+01
         9.08639e+00         1.64338e+00         1.83635e+01
         9.08942e+00         6.09474e+01         1.87125e+01
         9.09244e+00         6.97798e+01        -1.08875e+02
         9.09547e+00         5.52657e+01        -1.41530e+02
         9.09850e+00         4.12409e+01        -5.26469e+01
         9.10153e+00         1.21675e+01        -4.97530e+01
         9.10458e+00        -2.46256e+01        -7.09091e+01
         9.10761e+00        -4.46020e+01        -2.98529e+01
         9.11064e+00        -1.99468e+01        -4.89778e+01
         9.11367e+00         1.76998e+01        -4.72855e+01
         9.11669e+00         3.17359e+01        -2.88376e+01
         9.11972e+00         3.45369e+01        -2.04616e+01
         9.12275e+00         2.61261e+01        -1.91623e+01
         9.12578e+00         1.20753e+01        -3.93600e+01
         9.12881e+00        -3.07716e+01         4.50667e-01
         9.13186e+00        -2.56539e+01         8.61348e-01
         9.13489e+00        -6.45661e+00         6.06537e+01
         9.13792e+00         2.06972e+01         3.12028e+01
         9.14094e+00         2.55208e+01        -1.34055e+02
         9.14397e+00         2.52728e+01        -5.49904e+01
         9.14700e+00        -1.55560e+00        -2.58343e+01
         9.15003e+00        -2.19616e+01         6.49208e+01
         9.15306e+00        -7.50743e+00         6.96650e+01
         9.15611e+00         4.12416e+00         7.27546e+01
         9.15914e+00        -1.47453e+01         6.78070e+01
         9.16217e+00        -5.02164e+01        -2.97536e+00
         9.16519e+00        -1.32720e+02        -2.39080e+01
         9.16822e+00        -1.70709e+02        -7.62581e+01
         9.17125e+00        -4.75429e+01        -5.06801e+01
         9.17428e+00         5.60708e+01        -9.21997e+01
         9.17731e+00         5.16214e+01        -7.38570e+01
         9.18036e+00         4.20238e+01        -3.52241e+01
         9.18339e+00         4.87321e+01        -5.35159e+00
         9.18642e+00         6.88798e+01        -2.32454e+01
         9.18944e+00         4.87348e+01        -5.69597e+01
         9.19247e+00        -1.90256e+01        -6.07704e+00
         9.19550e+00        -7.39072e+01         1.96038e+01
         9.19853e+00        -8.27429e+01        -6.57108e+00
         9.20156e+00        -4.65718e+01        -3.37462e+01
         9.20461e+00        -1.61860e+01        -3.34411e+01
         9.20764e+00         3.95699e+00        -2.08490e+01
         9.21067e+00         3.18453e+01         1.83791e+01
         9.21369e+00         4.40219e+01         3.17599e+01
         9.21672e+00         4.27856e+01        -2.58629e+00
         9.21975e+00         2.12257e+01         1.98880e+01
         9.22278e+00        -3.63709e+01        -1.63820e+01
         9.22581e+00        -5.62402e+01         2.00817e+01
         9.22883e+00        -3.89846e+01         4.17828e+01
         9.23189e+00        -1.37664e+01        -1.57751e+01
         9.23492e+00        -2.09977e+00        -6.63907e+01
         9.23794e+00         1.75359e+01        -2.60426e+01
         9.24097e+00         3.26756e+01         1.70301e+00
         9.24400e+00         4.16647e+01         5.15627e+01
         9.24703e+00         2.74902e+01         1.32699e+01
         9.25006e+00         1.28427e+01        -3.73587e+01
         9.25308e+00         2.97457e+00        -3.86544e+01
         9.25614e+00         1.01920e+01        -2.01984e+01
         9.25917e+00         3.35390e+01        -3.65388e+00
         9.26219e+00         4.51834e+01         2.16084e+01
         9.26522e+00         3.73038e+01         7.63105e+00
         9.26825e+00         1.94223e+01         2.53909e+00
         9.27128e+00         2.87663e+01         1.75972e+01
         9.27431e+00         3.51957e+01        -1.15247e+01
         9.27733e+00         4.22953e+01        -5.76931e+01
         9.28039e+00         7.00157e+01        -3.65861e+01
         9.28342e+00         8.40993e+01        -1.55990e+01
         9.28644e+00         8.30314e+01         1.27670e+01
         9.28947e+00         6.69191e+01        -4.90704e+01
         9.29250e+00         5.59677e+01        -4.26340e+01
         9.29553e+00         6.02366e+01        -2.35307e+01
         9.29856e+00         6.05431e+01        -2.26261e+01
         9.30158e+00         6.62803e+01        -3.29733e+01
         9.30464e+00         7.62836e+01        -4.40165e+01
         9.30767e+00         7.87785e+01        -8.74857e+01
         9.31069e+00         7.56821e+01        -5.99291e+01
         9.31372e+00         7.16354e+01        -6.24063e+01
         9.31675e+00         6.71628e+01        -5.18166e+01
         9.31978e+00         8.00654e+01        -6.99174e+01
         9.32281e+00         7.79940e+01        -5.71819e+01
         9.32583e+00         7.61226e+01        -7.70219e+01
         9.32889e+00         6.56192e+01        -5.17911e+01
         9.33192e+00         6.37668e+01        -4.80760e+01
         9.33494e+00         6.29885e+01        -6.24552e+01
         9.33797e+00         8.09606e+01        -6.86677e+01
         9.34100e+00         9.82937e+01        -6.55473e+01
         9.34403e+00         8.66716e+01        -4.27029e+01
         9.34706e+00         7.41337e+01        -3.90245e+01
         9.35008e+00         8.36565e+01        -5.49266e+01
         9.35311e+00         1.07007e+02        -5.45297e+01
         9.35617e+00         1.09607e+02        -3.74516e+01
         9.35919e+00         1.11762e+02        -3.48899e+01
         9.36222e+00         1.06175e+02        -5.55210e+01
         9.36525e+00         9.73111e+01        -6.08930e+01
         9.36828e+00         9.89185e+01        -9.09343e+01
         9.37131e+00         1.15329e+02        -8.09732e+01
         9.37433e+00         1.22747e+02        -5.80123e+01
         9.37736e+00         1.06903e+02        -7.11784e+01
         9.38042e+00         8.26278e+01        -9.14315e+01
         9.38344e+00         9.33759e+01        -9.66618e+01
         9.38647e+00         1.02486e+02        -1.04809e+02
         9.38950e+00         1.12677e+02        -9.43902e+01
         9.39253e+00         1.23649e+02        -6.78482e+01
         9.39556e+00         1.40360e+02        -1.00372e+02
         9.39858e+00         1.33756e+02        -1.33966e+02
         9.40161e+00         1.28980e+02        -1.15063e+02
         9.40467e+00         1.31115e+02        -1.35578e+02
         9.40769e+00         1.25341e+02        -1.65379e+02
         9.41072e+00         1.12724e+02        -1.70472e+02
         9.41375e+00         1.12783e+02        -1.45972e+02
         9.41678e+00         1.12093e+02        -1.14885e+02
         9.41981e+00         1.20951e+02        -1.57232e+02
         9.42283e+00         1.17938e+02        -1.43386e+02
         9.42586e+00         1.20165e+02        -1.59295e+02
         9.42892e+00         1.22271e+02        -1.34957e+02
         9.43194e+00         1.30726e+02        -1.89329e+02
         9.43497e+00         1.27866e+02        -1.93433e+02
         9.43800e+00         1.31931e+02        -2.02184e+02
         9.44103e+00         1.28927e+02        -2.08867e+02
         9.44406e+00         1.25558e+02        -2.22938e+02
         9.44708e+00         1.28023e+02        -2.33941e+02
         9.45011e+00         1.31168e+02        -2.27994e+02
         9.45314e+00         1.28446e+02        -2.50435e+02
         9.45619e+00         1.28516e+02        -2.34887e+02
         9.45922e+00         1.27657e+02        -2.87359e+02
         9.46225e+00         1.23075e+02        -2.88762e+02
         9.46528e+00         1.15257e+02        -2.95812e+02
         9.46831e+00         1.24988e+02        -2.39513e+02
         9.47133e+00         1.11511e+02        -3.08959e+02
         9.47436e+00         1.13766e+02        -3.14022e+02
         9.47739e+00         1.04687e+02        -3.12662e+02
         9.48044e+00         1.14343e+02        -3.11069e+02
         9.48347e+00         9.46223e+01        -3.08774e+02
         9.48650e+00         9.49585e+01        -3.15399e+02
         9.48953e+00         1.04750e+02        -2.93780e+02
         9.49256e+00         1.44614e+02        -3.42025e+02
         9.49558e+00         1.48939e+02        -3.82955e+02
         9.49861e+00         1.51461e+02        -3.82767e+02
         9.50164e+00         1.46920e+02        -3.65735e+02
         9.50469e+00         1.48908e+02        -4.06893e+02
         9.50772e+00         1.45644e+02        -3.89108e+02
         9.51075e+00         1.55536e+02        -3.61736e+02
         9.51378e+00         1.45014e+02        -3.69087e+02
         9.51681e+00         1.37973e+02        -3.55820e+02
         9.51983e+00         1.52738e+02        -3.28268e+02
         9.52286e+00         1.67960e+02        -3.78339e+02
         9.52589e+00         1.90746e+02        -3.92040e+02
         9.52894e+00         1.88204e+02        -3.52435e+02
         9.53197e+00         1.79077e+02        -3.87765e+02
         9.53500e+00         1.59502e+02        -4.30029e+02
         9.53803e+00         1.61963e+02        -4.49252e+02
         9.54106e+00         1.78606e+02        -4.60549e+02
         9.54408e+00         1.63130e+02        -4.88301e+02
         9.54711e+00         1.43976e+02        -4.68383e+02
         9.55014e+00         1.52120e+02        -5.36896e+02
         9.55317e+00         1.40516e+02        -5.19045e+02
         9.55622e+00         9.88556e+01        -6.90426e+02
         9.55925e+00         1.65916e+02        -6.47306e+02
         9.56228e+00         1.58866e+02        -7.40682e+02
         9.56531e+00         1.97983e+02        -8.41907e+02
         9.56833e+00         1.30007e+02        -8.89822e+02
         9.57136e+00         1.23122e+02        -9.29600e+02
         9.57439e+00         1.30051e+02        -9.66338e+02
         9.57742e+00         1.13063e+02        -9.93078e+02
         9.58047e+00         1.29067e+02        -8.63565e+02
         9.58350e+00         1.49464e+02        -8.68983e+02
         9.58653e+00         7.26474e+01        -7.62532e+02
         9.58956e+00         1.13231e+02        -7.38822e+02
         9.59258e+00         1.48760e+02        -7.92524e+02
         9.59561e+00         1.25900e+02        -7.99814e+02
         9.59864e+00         1.02751e+02        -7.56574e+02
         9.60167e+00         7.70473e+01        -6.75952e+02
         9.60472e+00         2.94346e+01        -7.53522e+02
         9.60775e+00         1.01561e+02        -8.18145e+02
         9.61078e+00         1.00483e+02        -9.75625e+02
         9.61381e+00         4.84859e+01        -9.98241e+02
         9.61683e+00         3.70858e+01        -8.91252e+02
         9.61986e+00         6.23944e+01        -9.03390e+02
         9.62289e+00         2.91930e+01        -9.50813e+02
         9.62592e+00         9.96592e+01        -8.78438e+02
         9.62897e+00         1.92892e+02        -8.69500e+02
         9.63200e+00         1.13478e+02        -9.51526e+02
         9.63503e+00         3.68159e+01        -9.48720e+02
         9.63806e+00         7.17815e+01        -9.13761e+02
         9.64108e+00         7.89546e+00        -9.25365e+02
         9.64411e+00         3.82632e+01        -9.19932e+02
         9.64714e+00         7.76109e+01        -8.62407e+02
         9.65017e+00         5.79065e+01        -8.70618e+02
         9.65319e+00         1.46984e+02        -8.99344e+02
         9.65625e+00         1.31448e+02        -9.92593e+02
         9.65928e+00         8.08589e+01        -1.01309e+03
         9.66231e+00         8.32349e+01        -8.09525e+02
         9.66533e+00         9.54607e+01        -8.56630e+02
         9.66836e+00         1.22634e+02        -8.64535e+02
         9.67139e+00         1.09633e+02        -8.14985e+02
         9.67442e+00         8.86394e+01        -7.81985e+02
         9.67744e+00         6.54415e+01        -7.19870e+02
         9.68050e+00         5.97916e+01        -6.76931e+02
         9.68353e+00         4.90582e+01        -6.09903e+02
         9.68656e+00         4.76368e+01        -5.78719e+02
         9.68958e+00         4.28244e+01        -5.18817e+02
         9.69261e+00         4.03181e+01        -4.92951e+02
         9.69564e+00         4.04001e+01        -4.62494e+02
         9.69867e+00         3.21782e+01        -4.23435e+02
         9.70169e+00         4.32668e+01        -4.11757e+02
         9.70475e+00         4.40124e+01        -3.95961e+02
         9.70778e+00         4.65027e+01        -3.79763e+02
         9.71081e+00         4.49434e+01        -3.69513e+02
         9.71383e+00         4.01214e+01        -3.54892e+02
         9.71686e+00         3.10078e+01        -3.35651e+02
         9.71989e+00         3.13928e+01        -3.07187e+02
         9.72292e+00         2.75707e+01        -2.97585e+02
         9.72594e+00         2.55528e+01        -2.75117e+02
         9.72900e+00         2.18832e+01        -2.61381e+02
         9.73203e+00         1.34745e+01        -2.40792e+02
         9.73506e+00         5.23631e+00        -2.30921e+02
         9.73808e+00         3.09457e+00        -2.21787e+02
         9.74111e+00         3.34803e+00        -2.00884e+02
         9.74414e+00         6.77789e+00        -1.83622e+02
         9.74717e+00         7.32613e+00        -1.59622e+02
         9.75019e+00         1.84314e+01        -1.44166e+02
         9.75322e+00         1.89730e+01        -1.39845e+02
         9.75628e+00         1.84710e+01        -1.32609e+02
         9.75931e+00         1.45047e+01        -1.30259e+02
         9.76233e+00         1.09704e+01        -1.24379e+02
         9.76536e+00         1.02994e+01        -1.16030e+02
         9.76839e+00         1.08660e+01        -1.10769e+02
         9.77142e+00         1.30462e+01        -1.01587e+02
         9.77444e+00         1.21007e+01        -9.62201e+01
         9.77747e+00         9.78860e+00        -9.03381e+01
         9.78053e+00         1.21713e+01        -8.86291e+01
         9.78356e+00         1.30832e+01        -8.87746e+01
         9.78658e+00         1.43440e+01        -8.75341e+01
         9.78961e+00         1.44467e+01        -8.65664e+01
         9.79264e+00         1.04510e+01        -8.89107e+01
         9.79567e+00         9.04392e+00        -9.24478e+01
         9.79869e+00         7.80079e+00        -9.03976e+01
         9.80172e+00         9.49341e+00        -8.33047e+01
         9.80478e+00         9.69992e+00        -8.07671e+01
         9.80781e+00         1.05202e+01        -8.08503e+01
         9.81083e+00         9.60243e+00        -8.17673e+01
         9.81386e+00         7.25838e+00        -7.98991e+01
         9.81689e+00         1.58481e+00        -7.78966e+01
         9.81992e+00         3.78002e+00        -7.62842e+01
         9.82294e+00         7.40140e+00        -7.54465e+01
         9.82597e+00         1.04263e+01        -7.76474e+01
         9.82903e+00         1.58265e+01        -7.46780e+01
         9.83206e+00         1.07875e+01        -7.24303e+01
         9.83508e+00         1.91464e+00        -6.29858e+01
         9.83811e+00         5.96038e+00        -6.50913e+01
         9.84114e+00         1.53892e+01        -6.90547e+01
         9.84417e+00         1.27765e+01        -6.77134e+01
         9.84719e+00         1.50111e+01        -6.92949e+01
         9.85022e+00         1.54488e+01        -6.62155e+01
         9.85328e+00         1.48605e+01        -6.47435e+01
         9.85631e+00         1.23883e+01        -6.70942e+01
         9.85933e+00         1.09252e+01        -6.48068e+01
         9.86236e+00         7.37199e+00        -6.34651e+01
         9.86539e+00         6.74045e+00        -6.19717e+01
         9.86842e+00         8.70983e+00        -5.90074e+01
         9.87144e+00         1.38575e+01        -5.51781e+01
         9.87447e+00         1.52786e+01        -5.61529e+01
         9.87750e+00         1.35515e+01        -5.53819e+01
         9.88056e+00         1.08737e+01        -5.49795e+01
         9.88358e+00         9.06115e+00        -5.40032e+01
         9.88661e+00         1.13458e+01        -5.16047e+01
         9.88964e+00         1.40824e+01        -5.06903e+01
         9.89267e+00         1.56429e+01        -5.22846e+01
         9.89569e+00         1.78275e+01        -5.17529e+01
         9.89872e+00         1.60371e+01        -5.17699e+01
         9.90175e+00         1.47972e+01        -5.22629e+01
         9.90481e+00         1.28832e+01        -5.22423e+01
         9.90783e+00         1.16758e+01        -5.18188e+01
         9.91086e+00         1.31828e+01        -5.14848e+01
         9.91389e+00         1.43910e+01        -5.03313e+01
         9.91692e+00         1.31144e+01        -5.08904e+01
         9.91994e+00         1.31913e+01        -4.97755e+01
         9.92297e+00         1.28248e+01        -4.92284e+01
         9.92600e+00         1.38422e+01        -4.65708e+01
         9.92906e+00         1.66025e+01        -4.33147e+01
         9.93208e+00         1.86504e+01        -4.02063e+01
         9.93511e+00         1.95472e+01        -4.07981e+01
         9.93814e+00         1.96737e+01        -4.07024e+01
         9.94117e+00         2.11325e+01        -4.00298e+01
         9.94419e+00         2.27473e+01        -4.02509e+01
         9.94722e+00         2.20003e+01        -4.13421e+01
         9.95025e+00         2.40461e+01        -4.16769e+01
         9.95331e+00         2.56414e+01        -4.00675e+01
         9.95633e+00         2.78671e+01        -4.00265e+01
         9.95936e+00         2.60937e+01        -4.05095e+01
         9.96239e+00         2.39325e+01        -3.83056e+01
         9.96542e+00         2.17837e+01        -4.03648e+01
         9.96844e+00         2.35414e+01        -4.02046e+01
         9.97147e+00         2.43916e+01        -4.01936e+01
         9.97450e+00         2.29229e+01        -3.89511e+01
         9.97753e+00         2.26396e+01        -3.77707e+01
         9.98058e+00         2.27226e+01        -3.68306e+01
         9.98361e+00         2.34691e+01        -3.57051e+01
         9.98664e+00         2.09942e+01        -3.80494e+01
         9.98967e+00         1.99232e+01        -3.67924e+01
         9.99269e+00         1.71493e+01        -3.93830e+01
         9.99572e+00         1.79993e+01        -3.69875e+01
         9.99875e+00         2.06222e+01        -3.61406e+01
         1.00018e+01         2.01957e+01        -3.48252e+01
         1.00048e+01         2.19131e+01        -3.15064e+01
         1.00079e+01         2.11127e+01        -3.80188e+01
         1.00109e+01         2.40535e+01        -4.61619e+01
         1.00139e+01         1.79331e+01        -4.83526e+01
         1.00169e+01         1.46944e+01        -4.15939e+01
         1.00200e+01         1.91609e+01        -3.54409e+01
         1.00230e+01         2.10532e+01        -3.26532e+01
         1.00260e+01         2.05235e+01        -3.17837e+01
         1.00291e+01         1.93661e+01        -4.07868e+01
         1.00321e+01         1.49323e+01        -3.85952e+01
         1.00351e+01         1.14447e+01        -4.08661e+01
         1.00382e+01         1.30306e+01        -3.68607e+01
         1.00412e+01         1.67179e+01        -3.55077e+01
         1.00442e+01         1.83908e+01        -3.79639e+01
         1.00473e+01         1.53855e+01        -3.60334e+01
         1.00503e+01         1.03707e+01        -3.96767e+01
         1.00533e+01         1.37480e+01        -3.24417e+01
         1.00564e+01         1.51390e+01        -3.12524e+01
         1.00594e+01         1.89699e+01        -3.13127e+01
         1.00624e+01         1.99484e+01        -3.19742e+01
         1.00654e+01         1.98599e+01        -3.08603e+01
         1.00685e+01         1.80495e+01        -3.22706e+01
         1.00715e+01         2.41448e+01        -2.46917e+01
         1.00745e+01         2.56971e+01        -2.30833e+01
         1.00776e+01         2.81603e+01        -2.06189e+01
         1.00806e+01         2.71048e+01        -1.86486e+01
         1.00836e+01         2.51395e+01        -1.91229e+01
         1.00867e+01         2.75127e+01        -1.35561e+01
         1.00897e+01         2.90072e+01        -1.27718e+01
         1.00927e+01         3.04436e+01        -9.73228e+00
         1.00957e+01         3.00641e+01        -8.07310e+00
         1.00988e+01         2.87141e+01        -9.68241e+00
         1.01018e+01         3.10917e+01        -6.83754e+00
         1.01049e+01         3.54176e+01        -6.14193e+00
         1.01079e+01         3.60068e+01        -8.07773e+00
         1.01109e+01         3.49084e+01        -1.07323e+01
         1.01139e+01         3.40333e+01        -1.17840e+01
         1.01170e+01         3.36320e+01        -9.16737e+00
         1.01200e+01         3.51380e+01        -6.53479e+00
         1.01230e+01         3.74410e+01        -5.96239e+00
         1.01261e+01         3.76982e+01         1.04104e+00
         1.01291e+01         4.02891e+01         9.41925e-01
         1.01321e+01         4.16294e+01         2.86467e+00
         1.01352e+01         4.29853e+01         5.84075e+00
         1.01382e+01         4.57899e+01         1.03957e+01
         1.01412e+01         4.54195e+01         7.89913e+00
         1.01443e+01         4.58034e+01         8.45489e+00
         1.01473e+01         5.27656e+01         1.55412e+01
         1.01503e+01         4.82070e+01         1.11451e+01
         1.01534e+01         5.10391e+01         1.73275e+01
         1.01564e+01         5.03381e+01         1.17208e+01
         1.01594e+01         4.94652e+01         7.46441e+00
         1.01624e+01         4.79231e+01         8.15384e+00
         1.01655e+01         4.66935e+01         8.72100e+00
         1.01685e+01         4.77424e+01         9.95253e+00
         1.01715e+01         4.88728e+01         1.18230e+01
         1.01746e+01         4.94204e+01         1.16521e+01
         1.01776e+01         4.61082e+01         8.99056e+00
         1.01806e+01         4.52629e+01         4.22689e+00
         1.01837e+01         4.17494e+01         9.33626e+00
         1.01867e+01         4.05197e+01         7.43260e+00
         1.01897e+01         4.33716e+01         7.48247e+00
         1.01928e+01         3.99750e+01         5.09511e+00
         1.01958e+01         3.95990e+01         5.77823e+00
         1.01988e+01         3.94173e+01         2.55397e+00
         1.02019e+01         4.01372e+01        -5.75132e+00
         1.02049e+01         4.20019e+01        -3.59409e+00
         1.02079e+01         4.37926e+01        -9.24942e-01
         1.02109e+01         4.37456e+01         1.67668e+00
         1.02140e+01         4.26692e+01         1.34823e+00
         1.02170e+01         3.77549e+01        -3.37903e+00
         1.02200e+01         3.56589e+01        -9.35867e+00
         1.02231e+01         2.88307e+01        -1.52021e+01
         1.02261e+01         3.03661e+01        -1.33528e+01
         1.02291e+01         3.11697e+01        -2.02484e+01
         1.02322e+01         3.22725e+01        -1.99586e+01
         1.02352e+01         3.09468e+01        -1.87971e+01
         1.02382e+01         3.16751e+01        -1.48266e+01
         1.02413e+01         3.43878e+01        -1.73117e+01
         1.02443e+01         3.37829e+01        -2.35474e+01
         1.02473e+01         2.94161e+01        -2.69914e+01
         1.02503e+01         2.94663e+01        -2.59670e+01
         1.02534e+01         3.47893e+01        -2.82968e+01
         1.02564e+01         3.38967e+01        -2.55397e+01
         1.02594e+01         3.55144e+01        -1.95425e+01
         1.02625e+01         4.00455e+01        -2.48631e+01
         1.02655e+01         4.24805e+01        -3.16872e+01
         1.02685e+01         3.57105e+01        -4.60292e+01
         1.02716e+01         3.07260e+01        -5.05536e+01
         1.02746e+01         3.21891e+01        -5.21415e+01
         1.02776e+01         3.18930e+01        -5.18262e+01
         1.02807e+01         3.33463e+01        -5.44556e+01
         1.02837e+01         3.36039e+01        -5.74773e+01
         1.02867e+01         3.42346e+01        -5.71662e+01
         1.02897e+01         3.42767e+01        -5.94863e+01
         1.02928e+01         3.56059e+01        -5.74168e+01
         1.02958e+01         3.73631e+01        -5.82297e+01
         1.02988e+01         3.35725e+01        -6.10603e+01
         1.03019e+01         3.33425e+01        -5.91070e+01
         1.03049e+01         3.50801e+01        -5.80139e+01
         1.03079e+01         3.72480e+01        -5.52760e+01
         1.03110e+01         3.97141e+01        -5.86849e+01
         1.03140e+01         3.67251e+01        -6.40075e+01
         1.03170e+01         3.42565e+01        -6.23185e+01
         1.03201e+01         3.79964e+01        -5.85610e+01
         1.03231e+01         3.84850e+01        -5.74969e+01
         1.03261e+01         3.85790e+01        -5.54371e+01
         1.03292e+01         3.99945e+01        -5.42541e+01
         1.03322e+01         3.90304e+01        -5.57068e+01
         1.03352e+01         3.97076e+01        -5.84517e+01
         1.03382e+01         4.01766e+01        -5.75494e+01
         1.03413e+01         4.06806e+01        -5.73365e+01
         1.03443e+01         4.19200e+01        -5.41730e+01
         1.03473e+01         4.30128e+01        -5.64673e+01
         1.03504e+01         4.03634e+01        -5.79408e+01
         1.03534e+01         3.76697e+01        -6.18046e+01
         1.03564e+01         3.48997e+01        -6.10788e+01
         1.03595e+01         3.56549e+01        -6.17664e+01
         1.03625e+01         4.19325e+01        -5.97207e+01
         1.03655e+01         3.92308e+01        -6.55269e+01
         1.03686e+01         4.25806e+01        -6.48089e+01
         1.03716e+01         3.82299e+01        -7.36240e+01
         1.03746e+01         3.87381e+01        -6.97360e+01
         1.03777e+01         3.67411e+01        -7.24715e+01
         1.03807e+01         3.64999e+01        -7.17250e+01
         1.03837e+01         3.91833e+01        -7.19926e+01
         1.03868e+01         3.90113e+01        -7.12689e+01
         1.03898e+01         4.04018e+01        -7.14301e+01
         1.03928e+01         4.15097e+01        -7.36206e+01
         1.03958e+01         4.31013e+01        -7.17098e+01
         1.03989e+01         4.45987e+01        -7.45516e+01
         1.04019e+01         4.75103e+01        -7.47038e+01
         1.04049e+01         4.80084e+01        -7.49453e+01
         1.04080e+01         4.65187e+01        -8.10543e+01
         1.04110e+01         4.61835e+01        -8.11590e+01
         1.04140e+01         4.66273e+01        -8.33363e+01
         1.04171e+01         4.48709e+01        -8.56522e+01
         1.04201e+01         4.62631e+01        -8.82133e+01
         1.04231e+01         4.73784e+01        -8.64163e+01
         1.04262e+01         4.98595e+01        -8.61432e+01
         1.04292e+01         4.99452e+01        -8.77273e+01
         1.04322e+01         4.66043e+01        -8.85627e+01
         1.04352e+01         4.52661e+01        -8.70033e+01
         1.04383e+01         4.27996e+01        -9.21545e+01
         1.04413e+01         3.77411e+01        -9.17497e+01
         1.04443e+01         3.96922e+01        -9.40188e+01
         1.04474e+01         3.91115e+01        -9.32149e+01
         1.04504e+01         3.30668e+01        -9.85209e+01
         1.04534e+01         3.41284e+01        -9.67760e+01
         1.04565e+01         3.45837e+01        -9.41293e+01
         1.04595e+01         3.88173e+01        -9.33138e+01
         1.04625e+01         5.06484e+01        -9.25889e+01
         1.04656e+01         5.32569e+01        -9.30179e+01
         1.04686e+01         5.36592e+01        -9.49237e+01
         1.04716e+01         4.73158e+01        -9.87092e+01
         1.04747e+01         4.46508e+01        -1.00211e+02
         1.04777e+01         4.27522e+01        -1.01356e+02
         1.04807e+01         3.86592e+01        -1.06336e+02
         1.04838e+01         3.57919e+01        -1.10542e+02
         1.04868e+01         3.02487e+01        -1.13135e+02
         1.04898e+01         2.63983e+01        -1.12138e+02
         1.04928e+01         1.96278e+01        -1.14071e+02
         1.04959e+01         2.27626e+01        -1.11824e+02
         1.04989e+01         2.45447e+01        -1.11417e+02
