         7.00247e+00        -8.29329e+00
         7.00550e+00        -8.37992e+00
         7.00853e+00        -8.40967e+00
         7.01156e+00        -8.43366e+00
         7.01459e+00        -8.39541e+00
         7.01763e+00        -8.35572e+00
         7.02066e+00        -8.38981e+00
         7.02369e+00        -8.44497e+00
         7.02672e+00        -8.51957e+00
         7.02975e+00        -8.42660e+00
         7.03278e+00        -8.38302e+00
         7.03581e+00        -8.52966e+00
         7.03884e+00        -8.63625e+00
         7.04187e+00        -8.66963e+00
         7.04491e+00        -8.66383e+00
         7.04794e+00        -8.49915e+00
         7.05097e+00        -8.52922e+00
         7.05400e+00        -8.53300e+00
         7.05703e+00        -8.48798e+00
         7.06006e+00        -8.43232e+00
         7.06309e+00        -8.48269e+00
         7.06612e+00        -8.68130e+00
         7.06915e+00        -8.78000e+00
         7.07219e+00        -8.83533e+00
         7.07522e+00        -8.76487e+00
         7.07825e+00        -8.87602e+00
         7.08128e+00        -8.85855e+00
         7.08431e+00        -8.79245e+00
         7.08734e+00        -8.67687e+00
         7.09037e+00        -8.67518e+00
         7.09340e+00        -8.73915e+00
         7.09644e+00        -8.79347e+00
         7.09947e+00        -8.83582e+00
         7.10250e+00        -8.88600e+00
         7.10553e+00        -8.81582e+00
         7.10856e+00        -8.75574e+00
         7.11159e+00        -8.60788e+00
         7.11462e+00        -8.54303e+00
         7.11765e+00        -8.48061e+00
         7.12068e+00        -8.37763e+00
         7.12372e+00        -8.39137e+00
         7.12675e+00        -8.43545e+00
         7.12978e+00        -8.40056e+00
         7.13281e+00        -8.48703e+00
         7.13584e+00        -8.62181e+00
         7.13887e+00        -8.53417e+00
         7.14190e+00        -8.42357e+00
         7.14493e+00        -8.44854e+00
         7.14796e+00        -8.44980e+00
         7.15100e+00        -8.46521e+00
         7.15403e+00        -8.45441e+00
         7.15706e+00        -8.41406e+00
         7.16009e+00        -8.45505e+00
         7.16312e+00        -8.45791e+00
         7.16615e+00        -8.55513e+00
         7.16918e+00        -8.53780e+00
         7.17221e+00        -8.44394e+00
         7.17524e+00        -8.48701e+00
         7.17828e+00        -8.58723e+00
         7.18131e+00        -8.55315e+00
         7.18434e+00        -8.44159e+00
         7.18737e+00        -8.26076e+00
         7.19040e+00        -8.25351e+00
         7.19343e+00        -8.22713e+00
         7.19646e+00        -8.24121e+00
         7.19949e+00        -8.15787e+00
         7.20253e+00        -8.17068e+00
         7.20556e+00        -8.15119e+00
         7.20859e+00        -8.14038e+00
         7.21162e+00        -8.12975e+00
         7.21465e+00        -8.05761e+00
         7.21768e+00        -7.96550e+00
         7.22071e+00        -7.93003e+00
         7.22374e+00        -7.82873e+00
         7.22677e+00        -7.78537e+00
         7.22981e+00        -7.69191e+00
         7.23284e+00        -7.65371e+00
         7.23587e+00        -7.65269e+00
         7.23890e+00        -7.77596e+00
         7.24193e+00        -7.98002e+00
         7.24496e+00        -8.07018e+00
         7.24799e+00        -8.13186e+00
         7.25102e+00        -8.09069e+00
         7.25405e+00        -7.97585e+00
         7.25709e+00        -7.95608e+00
         7.26012e+00        -7.96224e+00
         7.26315e+00        -7.94471e+00
         7.26618e+00        -7.89159e+00
         7.26921e+00        -7.93620e+00
         7.27224e+00        -8.03682e+00
         7.27527e+00        -8.03954e+00
         7.27830e+00        -7.93869e+00
         7.28134e+00        -7.91465e+00
         7.28437e+00        -7.80335e+00
         7.28740e+00        -7.87290e+00
         7.29043e+00        -7.73170e+00
         7.29346e+00        -7.77273e+00
         7.29649e+00        -7.81780e+00
         7.29952e+00        -7.71464e+00
         7.30255e+00        -7.72225e+00
         7.30558e+00        -7.84423e+00
         7.30862e+00        -7.68114e+00
         7.31165e+00        -7.37864e+00
         7.31468e+00        -7.39343e+00
         7.31771e+00        -7.57958e+00
         7.32074e+00        -7.47471e+00
         7.32377e+00        -7.45681e+00
         7.32680e+00        -7.52963e+00
         7.32983e+00        -7.57275e+00
         7.33286e+00        -7.56480e+00
         7.33590e+00        -7.51482e+00
         7.33893e+00        -7.66293e+00
         7.34196e+00        -7.56041e+00
         7.34499e+00        -7.51085e+00
         7.34802e+00        -7.49282e+00
         7.35105e+00        -7.48920e+00
         7.35408e+00        -7.42217e+00
         7.35711e+00        -7.41233e+00
         7.36014e+00        -7.36747e+00
         7.36318e+00        -7.30998e+00
         7.36621e+00        -7.31320e+00
         7.36924e+00        -7.31879e+00
         7.37227e+00        -7.78234e+00
         7.37530e+00        -7.67782e+00
         7.37833e+00        -7.60305e+00
         7.38136e+00        -7.58190e+00
         7.38439e+00        -7.56922e+00
         7.38743e+00        -7.55358e+00
         7.39046e+00        -7.60407e+00
         7.39349e+00        -7.60012e+00
         7.39652e+00        -7.53138e+00
         7.39955e+00        -7.40817e+00
         7.40258e+00        -7.40144e+00
         7.40561e+00        -7.45708e+00
         7.40864e+00        -7.28977e+00
         7.41167e+00        -7.34330e+00
         7.41471e+00        -7.30954e+00
         7.41774e+00        -7.34875e+00
         7.42077e+00        -7.31083e+00
         7.42380e+00        -7.29381e+00
         7.42683e+00        -7.32248e+00
         7.42986e+00        -7.29665e+00
         7.43289e+00        -7.55619e+00
         7.43592e+00        -7.63840e+00
         7.43895e+00        -7.61102e+00
         7.44199e+00        -7.54791e+00
         7.44502e+00        -7.53159e+00
         7.44805e+00        -7.71640e+00
         7.45108e+00        -7.61835e+00
         7.45411e+00        -7.73458e+00
         7.45714e+00        -7.66642e+00
         7.46017e+00        -7.60849e+00
         7.46320e+00        -7.54934e+00
         7.46624e+00        -7.53513e+00
         7.46927e+00        -7.70758e+00
         7.47230e+00        -7.77965e+00
         7.47533e+00        -7.78958e+00
         7.47836e+00        -7.70787e+00
         7.48139e+00        -7.70444e+00
         7.48442e+00        -7.71927e+00
         7.48745e+00        -7.75418e+00
         7.49048e+00        -7.67420e+00
         7.49352e+00        -7.76767e+00
         7.49655e+00        -7.68160e+00
         7.49958e+00        -7.55359e+00
         7.50261e+00        -7.54874e+00
         7.50564e+00        -7.69589e+00
         7.50867e+00        -7.64967e+00
         7.51170e+00        -7.56154e+00
         7.51473e+00        -7.58087e+00
         7.51776e+00        -7.52530e+00
         7.52080e+00        -7.49657e+00
         7.52383e+00        -7.49848e+00
         7.52686e+00        -7.55956e+00
         7.52989e+00        -7.52811e+00
         7.53292e+00        -7.46436e+00
         7.53595e+00        -7.41011e+00
         7.53898e+00        -7.44460e+00
         7.54201e+00        -7.32978e+00
         7.54504e+00        -7.29903e+00
         7.54808e+00        -7.28200e+00
         7.55111e+00        -7.17765e+00
         7.55414e+00        -7.50453e+00
         7.55717e+00        -7.33439e+00
         7.56020e+00        -7.20043e+00
         7.56323e+00        -7.42235e+00
         7.56626e+00        -7.29528e+00
         7.56929e+00        -7.30780e+00
         7.57233e+00        -7.32878e+00
         7.57536e+00        -7.08215e+00
         7.57839e+00        -7.07521e+00
         7.58142e+00        -7.17872e+00
         7.58445e+00        -7.23191e+00
         7.58748e+00        -7.26519e+00
         7.59051e+00        -7.29450e+00
         7.59354e+00        -7.16311e+00
         7.59657e+00        -7.24727e+00
         7.59961e+00        -7.14006e+00
         7.60264e+00        -7.19078e+00
         7.60567e+00        -7.21062e+00
         7.60870e+00        -7.25860e+00
         7.61173e+00        -7.19953e+00
         7.61476e+00        -7.15353e+00
         7.61779e+00        -7.12458e+00
         7.62082e+00        -7.13745e+00
         7.62385e+00        -7.08999e+00
         7.62689e+00        -7.12832e+00
         7.62992e+00        -7.15649e+00
         7.63295e+00        -7.07970e+00
         7.63598e+00        -7.06872e+00
         7.63901e+00        -7.01032e+00
         7.64204e+00        -7.02776e+00
         7.64507e+00        -7.04386e+00
         7.64810e+00        -7.01164e+00
         7.65114e+00        -6.97213e+00
         7.65417e+00        -6.99009e+00
         7.65720e+00        -6.99431e+00
         7.66023e+00        -7.04950e+00
         7.66326e+00        -7.05744e+00
         7.66629e+00        -7.06552e+00
         7.66932e+00        -6.97548e+00
         7.67235e+00        -6.96524e+00
         7.67538e+00        -6.92642e+00
         7.67842e+00        -6.92746e+00
         7.68145e+00        -6.92776e+00
         7.68448e+00        -6.90459e+00
         7.68751e+00        -6.81115e+00
         7.69054e+00        -6.88079e+00
         7.69357e+00        -6.92521e+00
         7.69660e+00        -6.99400e+00
         7.69963e+00        -6.98345e+00
         7.70266e+00        -6.92108e+00
         7.70570e+00        -7.04588e+00
         7.70873e+00        -7.02192e+00
         7.71176e+00        -6.90638e+00
         7.71479e+00        -6.94324e+00
         7.71782e+00        -6.89200e+00
         7.72085e+00        -6.89997e+00
         7.72388e+00        -6.95586e+00
         7.72691e+00        -6.88131e+00
         7.72994e+00        -6.77928e+00
         7.73298e+00        -6.83347e+00
         7.73601e+00        -6.98356e+00
         7.73904e+00        -7.15893e+00
         7.74207e+00        -6.76123e+00
         7.74510e+00        -6.87588e+00
         7.74813e+00        -7.11653e+00
         7.75116e+00        -7.08959e+00
         7.75419e+00        -6.77432e+00
         7.75723e+00        -6.87236e+00
         7.76026e+00        -7.10339e+00
         7.76329e+00        -7.15643e+00
         7.76632e+00        -7.12469e+00
         7.76935e+00        -7.15979e+00
         7.77238e+00        -7.10018e+00
         7.77541e+00        -6.95148e+00
         7.77844e+00        -6.93808e+00
         7.78147e+00        -7.02486e+00
         7.78451e+00        -7.03163e+00
         7.78754e+00        -7.00593e+00
         7.79057e+00        -7.01424e+00
         7.79360e+00        -7.08758e+00
         7.79663e+00        -7.09096e+00
         7.79966e+00        -6.93502e+00
         7.80269e+00        -6.85514e+00
         7.80572e+00        -6.84702e+00
         7.80875e+00        -6.80321e+00
         7.81179e+00        -6.76297e+00
         7.81482e+00        -6.74957e+00
         7.81785e+00        -6.68605e+00
         7.82088e+00        -6.62952e+00
         7.82391e+00        -6.63354e+00
         7.82694e+00        -6.62864e+00
         7.82997e+00        -6.57122e+00
         7.83300e+00        -6.50420e+00
         7.83604e+00        -6.50743e+00
         7.83907e+00        -6.56946e+00
         7.84210e+00        -6.54514e+00
         7.84513e+00        -6.56097e+00
         7.84816e+00        -6.58053e+00
         7.85119e+00        -6.55794e+00
         7.85422e+00        -6.48699e+00
         7.85725e+00        -6.33205e+00
         7.86028e+00        -6.33860e+00
         7.86332e+00        -6.41050e+00
         7.86635e+00        -6.34122e+00
         7.86938e+00        -6.23669e+00
         7.87241e+00        -6.17350e+00
         7.87544e+00        -6.09406e+00
         7.87847e+00        -6.11594e+00
         7.88150e+00        -6.15634e+00
         7.88453e+00        -6.04918e+00
         7.88756e+00        -5.78018e+00
         7.89060e+00        -5.42659e+00
         7.89363e+00        -5.34570e+00
         7.89666e+00        -5.39244e+00
         7.89969e+00        -5.26851e+00
         7.90272e+00        -5.25357e+00
         7.90575e+00        -5.22495e+00
         7.90878e+00        -5.15352e+00
         7.91181e+00        -4.99922e+00
         7.91484e+00        -4.85881e+00
         7.91788e+00        -4.85944e+00
         7.92091e+00        -4.96494e+00
         7.92394e+00        -5.10735e+00
         7.92697e+00        -5.28972e+00
         7.93000e+00        -5.45854e+00
         7.93303e+00        -5.25385e+00
         7.93606e+00        -5.03801e+00
         7.93909e+00        -4.94093e+00
         7.94213e+00        -4.88011e+00
         7.94516e+00        -4.84495e+00
         7.94819e+00        -4.84881e+00
         7.95122e+00        -4.85352e+00
         7.95425e+00        -4.90470e+00
         7.95728e+00        -4.91342e+00
         7.96031e+00        -4.92931e+00
         7.96334e+00        -4.91702e+00
         7.96637e+00        -4.74413e+00
         7.96941e+00        -4.79173e+00
         7.97244e+00        -4.89919e+00
         7.97547e+00        -4.96338e+00
         7.97850e+00        -5.03649e+00
         7.98153e+00        -5.08134e+00
         7.98456e+00        -5.05459e+00
         7.98759e+00        -4.95316e+00
         7.99062e+00        -4.87980e+00
         7.99365e+00        -4.85753e+00
         7.99669e+00        -4.85307e+00
         7.99972e+00        -4.82598e+00
         8.00275e+00        -4.81983e+00
         8.00578e+00        -4.90058e+00
         8.00881e+00        -5.00895e+00
         8.01184e+00        -4.99157e+00
         8.01487e+00        -5.02142e+00
         8.01790e+00        -4.98078e+00
         8.02093e+00        -4.82685e+00
         8.02397e+00        -4.77564e+00
         8.02700e+00        -4.81041e+00
         8.03003e+00        -4.86093e+00
         8.03306e+00        -5.06239e+00
         8.03609e+00        -5.05710e+00
         8.03912e+00        -5.01001e+00
         8.04215e+00        -5.07866e+00
         8.04518e+00        -4.97862e+00
         8.04822e+00        -4.99199e+00
         8.05125e+00        -4.99601e+00
         8.05428e+00        -5.00349e+00
         8.05731e+00        -4.98725e+00
         8.06034e+00        -4.97331e+00
         8.06337e+00        -5.02874e+00
         8.06640e+00        -5.04833e+00
         8.06943e+00        -5.07666e+00
         8.07246e+00        -5.11169e+00
         8.07550e+00        -5.14600e+00
         8.07853e+00        -5.12564e+00
         8.08156e+00        -5.11540e+00
         8.08459e+00        -5.12671e+00
         8.08762e+00        -5.03731e+00
         8.09065e+00        -5.05887e+00
         8.09368e+00        -4.97710e+00
         8.09671e+00        -4.94342e+00
         8.09974e+00        -4.98192e+00
         8.10278e+00        -4.91693e+00
         8.10581e+00        -4.90436e+00
         8.10884e+00        -4.90320e+00
         8.11187e+00        -4.90782e+00
         8.11490e+00        -4.89309e+00
         8.11793e+00        -4.87738e+00
         8.12096e+00        -4.89293e+00
         8.12399e+00        -4.85881e+00
         8.12703e+00        -4.87768e+00
         8.13006e+00        -4.85210e+00
         8.13309e+00        -4.86792e+00
         8.13612e+00        -4.87916e+00
         8.13915e+00        -4.82146e+00
         8.14218e+00        -4.76004e+00
         8.14521e+00        -4.76741e+00
         8.14824e+00        -4.72443e+00
         8.15127e+00        -4.70229e+00
         8.15431e+00        -4.71124e+00
         8.15734e+00        -4.71918e+00
         8.16037e+00        -4.66705e+00
         8.16340e+00        -4.64936e+00
         8.16643e+00        -4.62425e+00
         8.16946e+00        -4.62066e+00
         8.17249e+00        -4.57236e+00
         8.17552e+00        -4.44975e+00
         8.17855e+00        -4.49052e+00
         8.18159e+00        -4.47846e+00
         8.18462e+00        -4.45090e+00
         8.18765e+00        -4.38829e+00
         8.19068e+00        -4.40159e+00
         8.19371e+00        -4.38412e+00
         8.19674e+00        -4.38645e+00
         8.19977e+00        -4.38512e+00
         8.20280e+00        -4.38283e+00
         8.20584e+00        -4.36206e+00
         8.20887e+00        -4.34097e+00
         8.21190e+00        -4.32983e+00
         8.21493e+00        -4.33181e+00
         8.21796e+00        -4.34364e+00
         8.22099e+00        -4.34996e+00
         8.22402e+00        -4.40247e+00
         8.22705e+00        -4.45964e+00
         8.23008e+00        -4.52911e+00
         8.23312e+00        -4.56837e+00
         8.23615e+00        -4.54234e+00
         8.23918e+00        -4.56410e+00
         8.24221e+00        -4.53358e+00
         8.24524e+00        -4.52391e+00
         8.24827e+00        -4.53453e+00
         8.25130e+00        -4.59364e+00
         8.25433e+00        -4.56519e+00
         8.25736e+00        -4.50730e+00
         8.26040e+00        -4.41001e+00
         8.26343e+00        -4.35594e+00
         8.26646e+00        -4.32374e+00
         8.26949e+00        -4.23161e+00
         8.27252e+00        -4.18400e+00
         8.27555e+00        -4.19125e+00
         8.27858e+00        -4.21939e+00
         8.28161e+00        -4.26955e+00
         8.28464e+00        -4.25814e+00
         8.28768e+00        -4.29509e+00
         8.29071e+00        -4.33544e+00
         8.29374e+00        -4.34855e+00
         8.29677e+00        -4.34614e+00
         8.29980e+00        -4.34303e+00
         8.30283e+00        -4.37109e+00
         8.30586e+00        -4.36736e+00
         8.30889e+00        -4.30086e+00
         8.31193e+00        -4.22140e+00
         8.31496e+00        -4.26890e+00
         8.31799e+00        -4.28505e+00
         8.32102e+00        -4.29293e+00
         8.32405e+00        -4.25599e+00
         8.32708e+00        -4.24486e+00
         8.33011e+00        -4.23677e+00
         8.33314e+00        -4.17698e+00
         8.33617e+00        -4.19825e+00
         8.33921e+00        -4.15470e+00
         8.34224e+00        -4.13655e+00
         8.34527e+00        -4.14967e+00
         8.34830e+00        -4.19036e+00
         8.35133e+00        -4.20279e+00
         8.35436e+00        -4.19991e+00
         8.35739e+00        -4.14520e+00
         8.36042e+00        -4.14035e+00
         8.36345e+00        -4.18532e+00
         8.36649e+00        -4.12925e+00
         8.36952e+00        -4.11764e+00
         8.37255e+00        -4.12805e+00
         8.37558e+00        -4.09722e+00
         8.37861e+00        -4.14453e+00
         8.38164e+00        -4.21382e+00
         8.38467e+00        -4.25144e+00
         8.38770e+00        -4.29243e+00
         8.39073e+00        -4.29720e+00
         8.39377e+00        -4.31847e+00
         8.39680e+00        -4.34474e+00
         8.39983e+00        -4.31832e+00
         8.40286e+00        -4.34207e+00
         8.40589e+00        -4.34814e+00
         8.40892e+00        -4.32220e+00
         8.41195e+00        -4.32678e+00
         8.41498e+00        -4.40891e+00
         8.41802e+00        -4.41302e+00
         8.42105e+00        -4.43607e+00
         8.42408e+00        -4.43475e+00
         8.42711e+00        -4.45005e+00
         8.43014e+00        -4.44691e+00
         8.43317e+00        -4.43629e+00
         8.43620e+00        -4.46421e+00
         8.43923e+00        -4.40104e+00
         8.44226e+00        -4.35750e+00
         8.44530e+00        -4.26298e+00
         8.44833e+00        -4.22628e+00
         8.45136e+00        -4.19797e+00
         8.45439e+00        -4.19482e+00
         8.45742e+00        -4.17456e+00
         8.46045e+00        -4.17795e+00
         8.46348e+00        -4.08004e+00
         8.46651e+00        -4.08891e+00
         8.46954e+00        -4.09833e+00
         8.47258e+00        -4.12883e+00
         8.47561e+00        -4.14998e+00
         8.47864e+00        -4.15975e+00
         8.48167e+00        -4.20856e+00
         8.48470e+00        -4.25217e+00
         8.48773e+00        -4.29901e+00
         8.49076e+00        -4.31029e+00
         8.49379e+00        -4.36544e+00
         8.49683e+00        -4.44883e+00
         8.49986e+00        -4.43612e+00
         8.50289e+00        -4.49342e+00
         8.50592e+00        -4.48075e+00
         8.50895e+00        -4.50375e+00
         8.51198e+00        -4.47344e+00
         8.51501e+00        -4.46115e+00
         8.51804e+00        -4.44529e+00
         8.52107e+00        -4.45406e+00
         8.52411e+00        -4.46937e+00
         8.52714e+00        -4.49217e+00
         8.53017e+00        -4.52643e+00
         8.53320e+00        -4.56287e+00
         8.53623e+00        -4.56901e+00
         8.53926e+00        -4.58955e+00
         8.54229e+00        -4.56672e+00
         8.54532e+00        -4.63474e+00
         8.54835e+00        -4.67490e+00
         8.55139e+00        -4.76499e+00
         8.55442e+00        -4.78923e+00
         8.55745e+00        -4.84768e+00
         8.56048e+00        -4.90370e+00
         8.56351e+00        -4.89653e+00
         8.56654e+00        -4.93289e+00
         8.56957e+00        -4.93274e+00
         8.57260e+00        -4.92412e+00
         8.57563e+00        -4.98489e+00
         8.57867e+00        -4.98303e+00
         8.58170e+00        -5.05071e+00
         8.58473e+00        -5.04072e+00
         8.58776e+00        -5.22299e+00
         8.59079e+00        -5.09990e+00
         8.59382e+00        -5.11149e+00
         8.59685e+00        -5.15001e+00
         8.59988e+00        -5.13424e+00
         8.60292e+00        -5.23567e+00
         8.60595e+00        -5.26361e+00
         8.60898e+00        -5.27038e+00
         8.61201e+00        -5.25135e+00
         8.61504e+00        -5.21211e+00
         8.61807e+00        -5.26840e+00
         8.62110e+00        -5.21636e+00
         8.62413e+00        -5.20974e+00
         8.62716e+00        -5.24573e+00
         8.63020e+00        -5.22921e+00
         8.63323e+00        -5.27904e+00
         8.63626e+00        -5.31143e+00
         8.63929e+00        -5.31236e+00
         8.64232e+00        -5.31944e+00
         8.64535e+00        -5.32539e+00
         8.64838e+00        -5.34463e+00
         8.65141e+00        -5.30886e+00
         8.65444e+00        -5.32903e+00
         8.65748e+00        -5.26742e+00
         8.66051e+00        -5.28343e+00
         8.66354e+00        -5.28621e+00
         8.66657e+00        -5.31381e+00
         8.66960e+00        -5.33574e+00
         8.67263e+00        -5.36033e+00
         8.67566e+00        -5.35169e+00
         8.67869e+00        -5.29969e+00
         8.68173e+00        -5.32360e+00
         8.68476e+00        -5.31116e+00
         8.68779e+00        -5.40338e+00
         8.69082e+00        -5.40667e+00
         8.69385e+00        -5.42233e+00
         8.69688e+00        -5.42012e+00
         8.69991e+00        -5.45724e+00
         8.70294e+00        -5.44741e+00
         8.70597e+00        -5.44653e+00
         8.70901e+00        -5.45406e+00
         8.71204e+00        -5.44962e+00
         8.71507e+00        -5.44707e+00
         8.71810e+00        -5.48374e+00
         8.72113e+00        -5.47740e+00
         8.72416e+00        -5.45655e+00
         8.72719e+00        -5.44133e+00
         8.73022e+00        -5.41095e+00
         8.73325e+00        -5.47534e+00
         8.73629e+00        -5.50333e+00
         8.73932e+00        -5.52491e+00
         8.74235e+00        -5.52016e+00
         8.74538e+00        -5.52586e+00
         8.74841e+00        -5.50412e+00
         8.75144e+00        -5.53399e+00
         8.75447e+00        -5.47107e+00
         8.75750e+00        -5.51503e+00
         8.76053e+00        -5.55333e+00
         8.76357e+00        -5.52093e+00
         8.76660e+00        -5.51096e+00
         8.76963e+00        -5.50378e+00
         8.77266e+00        -5.53810e+00
         8.77569e+00        -5.54169e+00
         8.77872e+00        -5.50927e+00
         8.78175e+00        -5.50668e+00
         8.78478e+00        -5.52722e+00
         8.78782e+00        -5.53943e+00
         8.79085e+00        -5.54841e+00
         8.79388e+00        -5.55504e+00
         8.79691e+00        -5.60267e+00
         8.79994e+00        -5.60591e+00
         8.80297e+00        -5.62771e+00
         8.80600e+00        -5.61277e+00
         8.80903e+00        -5.59214e+00
         8.81206e+00        -5.60568e+00
         8.81510e+00        -5.64299e+00
         8.81813e+00        -5.63265e+00
         8.82116e+00        -5.59963e+00
         8.82419e+00        -5.59761e+00
         8.82722e+00        -5.60189e+00
         8.83025e+00        -5.61891e+00
         8.83328e+00        -5.63064e+00
         8.83631e+00        -5.61093e+00
         8.83934e+00        -5.62885e+00
         8.84238e+00        -5.65257e+00
         8.84541e+00        -5.64971e+00
         8.84844e+00        -5.65715e+00
         8.85147e+00        -5.64734e+00
         8.85450e+00        -5.65048e+00
         8.85753e+00        -5.64995e+00
         8.86056e+00        -5.65435e+00
         8.86359e+00        -5.66538e+00
         8.86663e+00        -5.65784e+00
         8.86966e+00        -5.66577e+00
         8.87269e+00        -5.68172e+00
         8.87572e+00        -5.69331e+00
         8.87875e+00        -5.71055e+00
         8.88178e+00        -5.69067e+00
         8.88481e+00        -5.68590e+00
         8.88784e+00        -5.69365e+00
         8.89087e+00        -5.70013e+00
         8.89391e+00        -5.71026e+00
         8.89694e+00        -5.70567e+00
         8.89997e+00        -5.70518e+00
         8.90300e+00        -5.70396e+00
         8.90603e+00        -5.68913e+00
         8.90906e+00        -5.69326e+00
         8.91209e+00        -5.70935e+00
         8.91512e+00        -5.72136e+00
         8.91815e+00        -5.72292e+00
         8.92119e+00        -5.72064e+00
         8.92422e+00        -5.70555e+00
         8.92725e+00        -5.69883e+00
         8.93028e+00        -5.69917e+00
         8.93331e+00        -5.69836e+00
         8.93634e+00        -5.70524e+00
         8.93937e+00        -5.71581e+00
         8.94240e+00        -5.72810e+00
         8.94543e+00        -5.73129e+00
         8.94847e+00        -5.72628e+00
         8.95150e+00        -5.74075e+00
         8.95453e+00        -5.75193e+00
         8.95756e+00        -5.75108e+00
         8.96059e+00        -5.74792e+00
         8.96362e+00        -5.77223e+00
         8.96665e+00        -5.78451e+00
         8.96968e+00        -5.78489e+00
         8.97272e+00        -5.75426e+00
         8.97575e+00        -5.74078e+00
         8.97878e+00        -5.73912e+00
         8.98181e+00        -5.75161e+00
         8.98484e+00        -5.76070e+00
         8.98787e+00        -5.75922e+00
         8.99090e+00        -5.77152e+00
         8.99393e+00        -5.76137e+00
         8.99696e+00        -5.75650e+00
         9.00000e+00        -5.75391e+00
         9.00303e+00        -5.75631e+00
         9.00606e+00        -5.74405e+00
         9.00909e+00        -5.74493e+00
         9.01212e+00        -5.78124e+00
         9.01515e+00        -5.78901e+00
         9.01818e+00        -5.81755e+00
         9.02121e+00        -5.82209e+00
         9.02424e+00        -5.82453e+00
         9.02728e+00        -5.80461e+00
         9.03031e+00        -5.82264e+00
         9.03334e+00        -5.82743e+00
         9.03637e+00        -5.83159e+00
         9.03940e+00        -5.82015e+00
         9.04243e+00        -5.81578e+00
         9.04546e+00        -5.82691e+00
         9.04849e+00        -5.81138e+00
         9.05153e+00        -5.80662e+00
         9.05456e+00        -5.80323e+00
         9.05759e+00        -5.80712e+00
         9.06062e+00        -5.79953e+00
         9.06365e+00        -5.78192e+00
         9.06668e+00        -5.78190e+00
         9.06971e+00        -5.78803e+00
         9.07274e+00        -5.76245e+00
         9.07577e+00        -5.76315e+00
         9.07881e+00        -5.79322e+00
         9.08184e+00        -5.81467e+00
         9.08487e+00        -5.82936e+00
         9.08790e+00        -5.82795e+00
         9.09093e+00        -5.81313e+00
         9.09396e+00        -5.81473e+00
         9.09699e+00        -5.78625e+00
         9.10002e+00        -5.75483e+00
         9.10305e+00        -5.76311e+00
         9.10609e+00        -5.78938e+00
         9.10912e+00        -5.78238e+00
         9.11215e+00        -5.77259e+00
         9.11518e+00        -5.77294e+00
         9.11821e+00        -5.77431e+00
         9.12124e+00        -5.77796e+00
         9.12427e+00        -5.81625e+00
         9.12730e+00        -5.80609e+00
         9.13033e+00        -5.81252e+00
         9.13337e+00        -5.83218e+00
         9.13640e+00        -5.82369e+00
         9.13943e+00        -5.81361e+00
         9.14246e+00        -5.85775e+00
         9.14549e+00        -5.85032e+00
         9.14852e+00        -5.81715e+00
         9.15155e+00        -5.78682e+00
         9.15458e+00        -5.85160e+00
         9.15762e+00        -5.89688e+00
         9.16065e+00        -5.90552e+00
         9.16368e+00        -5.90691e+00
         9.16671e+00        -5.92233e+00
         9.16974e+00        -5.91287e+00
         9.17277e+00        -5.92446e+00
         9.17580e+00        -5.91231e+00
         9.17883e+00        -5.93626e+00
         9.18186e+00        -5.90589e+00
         9.18490e+00        -5.90586e+00
         9.18793e+00        -5.93996e+00
         9.19096e+00        -5.94461e+00
         9.19399e+00        -5.94193e+00
         9.19702e+00        -5.94419e+00
         9.20005e+00        -5.94155e+00
         9.20308e+00        -5.93062e+00
         9.20611e+00        -5.92438e+00
         9.20914e+00        -5.93299e+00
         9.21218e+00        -5.91676e+00
         9.21521e+00        -5.93370e+00
         9.21824e+00        -5.94775e+00
         9.22127e+00        -5.97867e+00
         9.22430e+00        -6.01029e+00
         9.22733e+00        -5.99808e+00
         9.23036e+00        -6.00252e+00
         9.23339e+00        -5.99585e+00
         9.23642e+00        -5.97952e+00
         9.23946e+00        -5.91420e+00
         9.24249e+00        -5.89963e+00
         9.24552e+00        -5.93696e+00
         9.24855e+00        -6.02608e+00
         9.25158e+00        -6.04004e+00
         9.25461e+00        -6.11605e+00
         9.25764e+00        -6.12741e+00
         9.26067e+00        -6.13267e+00
         9.26371e+00        -6.12152e+00
         9.26674e+00        -6.13833e+00
         9.26977e+00        -6.11795e+00
         9.27280e+00        -6.12438e+00
         9.27583e+00        -6.11045e+00
         9.27886e+00        -6.07430e+00
         9.28189e+00        -6.07386e+00
         9.28492e+00        -6.03439e+00
         9.28795e+00        -6.05656e+00
         9.29099e+00        -6.12037e+00
         9.29402e+00        -6.13310e+00
         9.29705e+00        -6.09665e+00
         9.30008e+00        -6.11713e+00
         9.30311e+00        -6.14419e+00
         9.30614e+00        -6.12294e+00
         9.30917e+00        -6.09643e+00
         9.31220e+00        -6.09813e+00
         9.31523e+00        -6.08411e+00
         9.31827e+00        -6.05711e+00
         9.32130e+00        -6.02815e+00
         9.32433e+00        -6.02928e+00
         9.32736e+00        -6.03136e+00
         9.33039e+00        -6.01159e+00
         9.33342e+00        -6.00153e+00
         9.33645e+00        -5.97717e+00
         9.33948e+00        -5.99043e+00
         9.34252e+00        -5.99365e+00
         9.34555e+00        -5.97407e+00
         9.34858e+00        -5.96869e+00
         9.35161e+00        -5.97282e+00
         9.35464e+00        -5.99383e+00
         9.35767e+00        -6.04739e+00
         9.36070e+00        -6.04067e+00
         9.36373e+00        -5.98395e+00
         9.36676e+00        -5.96017e+00
         9.36980e+00        -5.96690e+00
         9.37283e+00        -5.95260e+00
         9.37586e+00        -5.90811e+00
         9.37889e+00        -5.84777e+00
         9.38192e+00        -5.75190e+00
         9.38495e+00        -5.69294e+00
         9.38798e+00        -5.69193e+00
         9.39101e+00        -5.68559e+00
         9.39404e+00        -5.71054e+00
         9.39708e+00        -5.70506e+00
         9.40011e+00        -5.66108e+00
         9.40314e+00        -5.62321e+00
         9.40617e+00        -5.63467e+00
         9.40920e+00        -5.61974e+00
         9.41223e+00        -5.63941e+00
         9.41526e+00        -5.63463e+00
         9.41829e+00        -5.64406e+00
         9.42133e+00        -5.62245e+00
         9.42436e+00        -5.64139e+00
         9.42739e+00        -5.67032e+00
         9.43042e+00        -5.66600e+00
         9.43345e+00        -5.55203e+00
         9.43648e+00        -5.46307e+00
         9.43951e+00        -5.41869e+00
         9.44254e+00        -5.46488e+00
         9.44557e+00        -5.43134e+00
         9.44861e+00        -5.39083e+00
         9.45164e+00        -5.37340e+00
         9.45467e+00        -5.37040e+00
         9.45770e+00        -5.40867e+00
         9.46073e+00        -5.40472e+00
         9.46376e+00        -5.20800e+00
         9.46679e+00        -5.16823e+00
         9.46982e+00        -5.12157e+00
         9.47285e+00        -4.86873e+00
         9.47589e+00        -4.92027e+00
         9.47892e+00        -4.72882e+00
         9.48195e+00        -4.70713e+00
         9.48498e+00        -4.73681e+00
         9.48801e+00        -4.80996e+00
         9.49104e+00        -4.77403e+00
         9.49407e+00        -4.95197e+00
         9.49710e+00        -5.04086e+00
         9.50013e+00        -4.95405e+00
         9.50317e+00        -4.77773e+00
         9.50620e+00        -5.06261e+00
         9.50923e+00        -4.65236e+00
         9.51226e+00        -4.66326e+00
         9.51529e+00        -4.62493e+00
         9.51832e+00        -4.67019e+00
         9.52135e+00        -4.71073e+00
         9.52438e+00        -4.69328e+00
         9.52742e+00        -4.78366e+00
         9.53045e+00        -4.70255e+00
         9.53348e+00        -4.71854e+00
         9.53651e+00        -4.70440e+00
         9.53954e+00        -4.67802e+00
         9.54257e+00        -4.58950e+00
         9.54560e+00        -4.53750e+00
         9.54863e+00        -4.59874e+00
         9.55166e+00        -4.63696e+00
         9.55470e+00        -4.34153e+00
         9.55773e+00        -4.36020e+00
         9.56076e+00        -4.36184e+00
         9.56379e+00        -4.29246e+00
         9.56682e+00        -4.33150e+00
         9.56985e+00        -4.35658e+00
         9.57288e+00        -4.30638e+00
         9.57591e+00        -4.14867e+00
         9.57894e+00        -4.13641e+00
         9.58198e+00        -3.72621e+00
         9.58501e+00        -3.91252e+00
         9.58804e+00        -2.68073e+00
         9.59107e+00        -3.40740e+00
         9.59410e+00        -4.03537e+00
         9.59713e+00        -3.79015e+00
         9.60016e+00        -3.14565e+00
         9.60319e+00        -2.48312e+00
         9.60623e+00        -2.57386e+00
         9.60926e+00        -2.74869e+00
         9.61229e+00        -2.92539e+00
         9.61532e+00        -2.81074e+00
         9.61835e+00        -2.55982e+00
         9.62138e+00        -2.29931e+00
         9.62441e+00        -2.16879e+00
         9.62744e+00        -1.99399e+00
         9.63047e+00        -1.74687e+00
         9.63351e+00        -1.63556e+00
         9.63654e+00        -1.70532e+00
         9.63957e+00        -1.69060e+00
         9.64260e+00        -1.92828e+00
         9.64563e+00        -1.86854e+00
         9.64866e+00        -1.62389e+00
         9.65169e+00        -1.45013e+00
         9.65472e+00        -1.45728e+00
         9.65775e+00        -1.60538e+00
         9.66079e+00        -1.91239e+00
         9.66382e+00        -1.51026e+00
         9.66685e+00        -1.28649e+00
         9.66988e+00        -1.21479e+00
         9.67291e+00        -1.11490e+00
         9.67594e+00        -1.08650e+00
         9.67897e+00        -1.05149e+00
         9.68200e+00        -1.04781e+00
         9.68504e+00        -1.02487e+00
         9.68807e+00        -1.02827e+00
         9.69110e+00        -9.96154e-01
         9.69413e+00        -9.71617e-01
         9.69716e+00        -9.92097e-01
         9.70019e+00        -9.86212e-01
         9.70322e+00        -9.73219e-01
         9.70625e+00        -9.48283e-01
         9.70928e+00        -9.48336e-01
         9.71232e+00        -9.43409e-01
         9.71535e+00        -9.46650e-01
         9.71838e+00        -9.35039e-01
         9.72141e+00        -9.29012e-01
         9.72444e+00        -9.30973e-01
         9.72747e+00        -9.46639e-01
         9.73050e+00        -9.67584e-01
         9.73353e+00        -9.72521e-01
         9.73656e+00        -9.75688e-01
         9.73960e+00        -9.83737e-01
         9.74263e+00        -9.90520e-01
         9.74566e+00        -9.85437e-01
         9.74869e+00        -9.79432e-01
         9.75172e+00        -9.74186e-01
         9.75475e+00        -9.71323e-01
         9.75778e+00        -9.62172e-01
         9.76081e+00        -9.52630e-01
         9.76385e+00        -9.43791e-01
         9.76688e+00        -9.37837e-01
         9.76991e+00        -9.34178e-01
         9.77294e+00        -9.31742e-01
         9.77597e+00        -9.29415e-01
         9.77900e+00        -9.26897e-01
         9.78203e+00        -9.23904e-01
         9.78506e+00        -9.20565e-01
         9.78809e+00        -9.15441e-01
         9.79113e+00        -9.09992e-01
         9.79416e+00        -9.03627e-01
         9.79719e+00        -8.97639e-01
         9.80022e+00        -8.85894e-01
         9.80325e+00        -8.68469e-01
         9.80628e+00        -8.82809e-01
         9.80931e+00        -8.78450e-01
         9.81234e+00        -8.72558e-01
         9.81537e+00        -8.55267e-01
         9.81841e+00        -8.36987e-01
         9.82144e+00        -8.31910e-01
         9.82447e+00        -8.24249e-01
         9.82750e+00        -8.02351e-01
         9.83053e+00        -7.95691e-01
         9.83356e+00        -8.28349e-01
         9.83659e+00        -8.23027e-01
         9.83962e+00        -7.71478e-01
         9.84266e+00        -7.65599e-01
         9.84569e+00        -7.50579e-01
         9.84872e+00        -7.52361e-01
         9.85175e+00        -7.41795e-01
         9.85478e+00        -7.48184e-01
         9.85781e+00        -7.35059e-01
         9.86084e+00        -7.24279e-01
         9.86387e+00        -7.18993e-01
         9.86690e+00        -7.14383e-01
         9.86994e+00        -7.14202e-01
         9.87297e+00        -7.11952e-01
         9.87600e+00        -7.08781e-01
         9.87903e+00        -7.06211e-01
         9.88206e+00        -7.05533e-01
         9.88509e+00        -7.03186e-01
         9.88812e+00        -6.99233e-01
         9.89115e+00        -6.96116e-01
         9.89418e+00        -6.92816e-01
         9.89722e+00        -6.89489e-01
         9.90025e+00        -6.85581e-01
         9.90328e+00        -6.81118e-01
         9.90631e+00        -6.75832e-01
         9.90934e+00        -6.69949e-01
         9.91237e+00        -6.65358e-01
         9.91540e+00        -6.61717e-01
         9.91843e+00        -6.58317e-01
         9.92147e+00        -6.55930e-01
         9.92450e+00        -6.53956e-01
         9.92753e+00        -6.50142e-01
         9.93056e+00        -6.46425e-01
         9.93359e+00        -6.42393e-01
         9.93662e+00        -6.43125e-01
         9.93965e+00        -6.43984e-01
         9.94268e+00        -6.38088e-01
         9.94571e+00        -6.40078e-01
         9.94875e+00        -6.41946e-01
         9.95178e+00        -6.42906e-01
         9.95481e+00        -6.51854e-01
         9.95784e+00        -6.55636e-01
         9.96087e+00        -6.32876e-01
         9.96390e+00        -6.42186e-01
         9.96693e+00        -6.38181e-01
         9.96996e+00        -6.24366e-01
         9.97299e+00        -6.45608e-01
         9.97603e+00        -6.29478e-01
         9.97906e+00        -6.42044e-01
         9.98209e+00        -6.25783e-01
         9.98512e+00        -6.34001e-01
         9.98815e+00        -6.24638e-01
         9.99118e+00        -6.26912e-01
         9.99421e+00        -6.38349e-01
         9.99724e+00        -6.49132e-01
         1.00003e+01        -6.47592e-01
         1.00033e+01        -6.36965e-01
         1.00063e+01        -6.28995e-01
         1.00094e+01        -6.25924e-01
         1.00124e+01        -6.18275e-01
         1.00154e+01        -6.30480e-01
         1.00185e+01        -6.23210e-01
         1.00215e+01        -6.20335e-01
         1.00245e+01        -6.20954e-01
         1.00276e+01        -6.11752e-01
         1.00306e+01        -6.27744e-01
         1.00336e+01        -6.37754e-01
         1.00366e+01        -6.28791e-01
         1.00397e+01        -6.20082e-01
         1.00427e+01        -6.16433e-01
         1.00457e+01        -6.24682e-01
         1.00488e+01        -6.17178e-01
         1.00518e+01        -6.03275e-01
         1.00548e+01        -6.13684e-01
         1.00579e+01        -6.29905e-01
         1.00609e+01        -6.40409e-01
         1.00639e+01        -6.16871e-01
         1.00670e+01        -6.07450e-01
         1.00700e+01        -6.18142e-01
         1.00730e+01        -6.15556e-01
         1.00761e+01        -6.19287e-01
         1.00791e+01        -6.10393e-01
         1.00821e+01        -6.27962e-01
         1.00851e+01        -6.16802e-01
         1.00882e+01        -6.15589e-01
         1.00912e+01        -5.97630e-01
         1.00942e+01        -6.07652e-01
         1.00973e+01        -6.25248e-01
         1.01003e+01        -6.26327e-01
         1.01033e+01        -6.11643e-01
         1.01064e+01        -5.79820e-01
         1.01094e+01        -5.82221e-01
         1.01124e+01        -5.79798e-01
         1.01155e+01        -5.79504e-01
         1.01185e+01        -5.80478e-01
         1.01215e+01        -5.77771e-01
         1.01246e+01        -5.77759e-01
         1.01276e+01        -5.58207e-01
         1.01306e+01        -5.61547e-01
         1.01336e+01        -5.68736e-01
         1.01367e+01        -5.75602e-01
         1.01397e+01        -5.56975e-01
         1.01427e+01        -5.56125e-01
         1.01458e+01        -5.60746e-01
         1.01488e+01        -5.52746e-01
         1.01518e+01        -5.31111e-01
         1.01549e+01        -5.22555e-01
         1.01579e+01        -5.19536e-01
         1.01609e+01        -5.31851e-01
         1.01640e+01        -5.30534e-01
         1.01670e+01        -5.13858e-01
         1.01700e+01        -5.36312e-01
         1.01731e+01        -5.74196e-01
         1.01761e+01        -5.50168e-01
         1.01791e+01        -5.21160e-01
         1.01821e+01        -5.05149e-01
         1.01852e+01        -5.11440e-01
         1.01882e+01        -5.17193e-01
         1.01912e+01        -5.27674e-01
         1.01943e+01        -5.36441e-01
         1.01973e+01        -5.28517e-01
         1.02003e+01        -5.02330e-01
         1.02034e+01        -4.94076e-01
         1.02064e+01        -4.79321e-01
         1.02094e+01        -4.73759e-01
         1.02125e+01        -4.79296e-01
         1.02155e+01        -4.72042e-01
         1.02185e+01        -4.78490e-01
         1.02215e+01        -4.98176e-01
         1.02246e+01        -4.80909e-01
         1.02276e+01        -4.67906e-01
         1.02306e+01        -4.66529e-01
         1.02337e+01        -4.66816e-01
         1.02367e+01        -4.65213e-01
         1.02397e+01        -4.64135e-01
         1.02428e+01        -4.62925e-01
         1.02458e+01        -4.61530e-01
         1.02488e+01        -4.60037e-01
         1.02519e+01        -4.59316e-01
         1.02549e+01        -4.58969e-01
         1.02579e+01        -4.57869e-01
         1.02610e+01        -4.56865e-01
         1.02640e+01        -4.55765e-01
         1.02670e+01        -4.57145e-01
         1.02700e+01        -4.59677e-01
         1.02731e+01        -4.60916e-01
         1.02761e+01        -4.62250e-01
         1.02791e+01        -4.62620e-01
         1.02822e+01        -4.62681e-01
         1.02852e+01        -4.63318e-01
         1.02882e+01        -4.62473e-01
         1.02913e+01        -4.63917e-01
         1.02943e+01        -4.65628e-01
         1.02973e+01        -4.58603e-01
         1.03004e+01        -4.53399e-01
         1.03034e+01        -4.53133e-01
         1.03064e+01        -4.52658e-01
         1.03095e+01        -4.51993e-01
         1.03125e+01        -4.52125e-01
         1.03155e+01        -4.52604e-01
         1.03185e+01        -4.52464e-01
         1.03216e+01        -4.53465e-01
         1.03246e+01        -4.53127e-01
         1.03276e+01        -4.54120e-01
         1.03307e+01        -4.54086e-01
         1.03337e+01        -4.53583e-01
         1.03367e+01        -4.53203e-01
         1.03398e+01        -4.51841e-01
         1.03428e+01        -4.53879e-01
         1.03458e+01        -4.55263e-01
         1.03489e+01        -4.55446e-01
         1.03519e+01        -4.57312e-01
         1.03549e+01        -4.59372e-01
         1.03580e+01        -4.59710e-01
         1.03610e+01        -4.54304e-01
         1.03640e+01        -4.53298e-01
         1.03670e+01        -4.51361e-01
         1.03701e+01        -4.49505e-01
         1.03731e+01        -4.47394e-01
         1.03761e+01        -4.46958e-01
         1.03792e+01        -4.46271e-01
         1.03822e+01        -4.44713e-01
         1.03852e+01        -4.42949e-01
         1.03883e+01        -4.41301e-01
         1.03913e+01        -4.39677e-01
         1.03943e+01        -4.38082e-01
         1.03974e+01        -4.36604e-01
         1.04004e+01        -4.34914e-01
         1.04034e+01        -4.33050e-01
         1.04065e+01        -4.31557e-01
         1.04095e+01        -4.30595e-01
         1.04125e+01        -4.29225e-01
         1.04155e+01        -4.28129e-01
         1.04186e+01        -4.27099e-01
         1.04216e+01        -4.25715e-01
         1.04246e+01        -4.24435e-01
         1.04277e+01        -4.23099e-01
         1.04307e+01        -4.21124e-01
         1.04337e+01        -4.19884e-01
         1.04368e+01        -4.17508e-01
         1.04398e+01        -4.13287e-01
         1.04428e+01        -4.10064e-01
         1.04459e+01        -4.08167e-01
         1.04489e+01        -4.06532e-01
         1.04519e+01        -4.04472e-01
         1.04550e+01        -4.02544e-01
         1.04580e+01        -4.00080e-01
         1.04610e+01        -3.97567e-01
         1.04640e+01        -3.95862e-01
         1.04671e+01        -3.93573e-01
         1.04701e+01        -3.91604e-01
         1.04731e+01        -3.89388e-01
         1.04762e+01        -3.86901e-01
         1.04792e+01        -3.83775e-01
         1.04822e+01        -3.80799e-01
         1.04853e+01        -3.78428e-01
         1.04883e+01        -3.75895e-01
         1.04913e+01        -3.73034e-01
         1.04944e+01        -3.70412e-01
         1.04974e+01        -3.67949e-01
