         3.50080e+00        -2.04536e-01
         3.50383e+00        -2.08781e-01
         3.50685e+00        -2.10995e-01
         3.50987e+00        -2.13034e-01
         3.51289e+00        -2.14821e-01
         3.51592e+00        -2.16027e-01
         3.51894e+00        -2.17813e-01
         3.52196e+00        -2.19874e-01
         3.52499e+00        -2.19893e-01
         3.52801e+00        -2.20762e-01
         3.53103e+00        -2.21431e-01
         3.53405e+00        -2.22363e-01
         3.53708e+00        -2.23514e-01
         3.54010e+00        -2.25235e-01
         3.54312e+00        -2.26956e-01
         3.54615e+00        -2.27635e-01
         3.54917e+00        -2.28547e-01
         3.55219e+00        -2.30354e-01
         3.55522e+00        -2.32086e-01
         3.55824e+00        -2.34180e-01
         3.56126e+00        -2.35013e-01
         3.56428e+00        -2.37391e-01
         3.56731e+00        -2.39551e-01
         3.57033e+00        -2.40647e-01
         3.57335e+00        -2.43114e-01
         3.57638e+00        -2.44286e-01
         3.57940e+00        -2.45942e-01
         3.58242e+00        -2.47356e-01
         3.58544e+00        -2.48660e-01
         3.58847e+00        -2.50655e-01
         3.59149e+00        -2.50546e-01
         3.59451e+00        -2.51390e-01
         3.59754e+00        -2.52234e-01
         3.60056e+00        -2.57256e-01
         3.60358e+00        -2.62692e-01
         3.60660e+00        -2.69959e-01
         3.60963e+00        -2.74015e-01
         3.61265e+00        -2.75024e-01
         3.61567e+00        -2.73325e-01
         3.61870e+00        -2.74454e-01
         3.62172e+00        -2.74684e-01
         3.62474e+00        -2.72188e-01
         3.62777e+00        -2.71735e-01
         3.63079e+00        -2.72261e-01
         3.63381e+00        -2.78521e-01
         3.63683e+00        -2.82401e-01
         3.63986e+00        -2.82785e-01
         3.64288e+00        -2.85503e-01
         3.64590e+00        -2.88485e-01
         3.64893e+00        -2.90629e-01
         3.65195e+00        -2.88441e-01
         3.65497e+00        -2.89713e-01
         3.65799e+00        -2.91828e-01
         3.66102e+00        -2.91302e-01
         3.66404e+00        -2.95862e-01
         3.66706e+00        -3.05268e-01
         3.67009e+00        -3.12733e-01
         3.67311e+00        -3.19825e-01
         3.67613e+00        -3.25082e-01
         3.67915e+00        -3.24659e-01
         3.68218e+00        -3.25054e-01
         3.68520e+00        -3.28628e-01
         3.68822e+00        -3.31828e-01
         3.69125e+00        -3.33944e-01
         3.69427e+00        -3.33637e-01
         3.69729e+00        -3.32420e-01
         3.70032e+00        -3.33028e-01
         3.70334e+00        -3.31850e-01
         3.70636e+00        -3.33911e-01
         3.70938e+00        -3.36619e-01
         3.71241e+00        -3.37419e-01
         3.71543e+00        -3.38537e-01
         3.71845e+00        -3.38976e-01
         3.72148e+00        -3.39589e-01
         3.72450e+00        -3.39840e-01
         3.72752e+00        -3.37287e-01
         3.73054e+00        -3.36421e-01
         3.73357e+00        -3.37518e-01
         3.73659e+00        -3.39951e-01
         3.73961e+00        -3.40302e-01
         3.74264e+00        -3.41409e-01
         3.74566e+00        -3.42396e-01
         3.74868e+00        -3.45213e-01
         3.75170e+00        -3.45772e-01
         3.75473e+00        -3.43470e-01
         3.75775e+00        -3.45586e-01
         3.76077e+00        -3.48304e-01
         3.76380e+00        -3.47756e-01
         3.76682e+00        -3.48019e-01
         3.76984e+00        -3.49905e-01
         3.77287e+00        -3.51034e-01
         3.77589e+00        -3.51055e-01
         3.77891e+00        -3.52963e-01
         3.78193e+00        -3.55166e-01
         3.78496e+00        -3.56690e-01
         3.78798e+00        -3.56931e-01
         3.79100e+00        -3.58718e-01
         3.79403e+00        -3.59935e-01
         3.79705e+00        -3.61053e-01
         3.80007e+00        -3.62096e-01
         3.80309e+00        -3.64758e-01
         3.80612e+00        -3.67959e-01
         3.80914e+00        -3.70820e-01
         3.81216e+00        -3.73900e-01
         3.81519e+00        -3.76301e-01
         3.81821e+00        -3.77836e-01
         3.82123e+00        -3.79041e-01
         3.82425e+00        -3.80156e-01
         3.82728e+00        -3.79907e-01
         3.83030e+00        -3.80006e-01
         3.83332e+00        -3.80938e-01
         3.83635e+00        -3.82188e-01
         3.83937e+00        -3.83547e-01
         3.84239e+00        -3.84862e-01
         3.84541e+00        -3.85564e-01
         3.84844e+00        -3.86739e-01
         3.85146e+00        -3.88228e-01
         3.85448e+00        -3.89806e-01
         3.85751e+00        -3.91352e-01
         3.86053e+00        -3.91966e-01
         3.86355e+00        -3.92360e-01
         3.86658e+00        -3.93018e-01
         3.86960e+00        -3.94004e-01
         3.87262e+00        -3.94531e-01
         3.87564e+00        -3.94009e-01
         3.87867e+00        -3.94903e-01
         3.88169e+00        -3.96394e-01
         3.88471e+00        -3.97162e-01
         3.88774e+00        -3.97874e-01
         3.89076e+00        -3.98937e-01
         3.89378e+00        -4.00187e-01
         3.89680e+00        -4.01459e-01
         3.89983e+00        -4.02925e-01
         3.90285e+00        -4.04210e-01
         3.90587e+00        -4.05175e-01
         3.90890e+00        -4.06139e-01
         3.91192e+00        -4.07236e-01
         3.91494e+00        -4.16312e-01
         3.91796e+00        -4.40351e-01
         3.92099e+00        -4.60313e-01
         3.92401e+00        -4.92680e-01
         3.92703e+00        -5.31774e-01
         3.93006e+00        -5.45531e-01
         3.93308e+00        -5.16252e-01
         3.93610e+00        -4.80867e-01
         3.93912e+00        -4.46468e-01
         3.94215e+00        -4.30541e-01
         3.94517e+00        -4.28962e-01
         3.94819e+00        -4.57759e-01
         3.95122e+00        -5.45967e-01
         3.95424e+00        -6.76340e-01
         3.95726e+00        -6.56378e-01
         3.96029e+00        -5.93895e-01
         3.96331e+00        -5.26611e-01
         3.96633e+00        -4.70069e-01
         3.96935e+00        -4.60664e-01
         3.97238e+00        -4.56433e-01
         3.97540e+00        -4.90522e-01
         3.97842e+00        -5.54772e-01
         3.98145e+00        -5.53106e-01
         3.98447e+00        -5.26293e-01
         3.98749e+00        -4.94175e-01
         3.99051e+00        -4.66353e-01
         3.99354e+00        -4.47795e-01
         3.99656e+00        -4.40549e-01
         3.99958e+00        -4.40266e-01
         4.00261e+00        -4.40362e-01
         4.00563e+00        -4.40680e-01
         4.00865e+00        -4.41448e-01
         4.01167e+00        -4.42412e-01
         4.01470e+00        -4.42336e-01
         4.01772e+00        -4.44923e-01
         4.02074e+00        -4.43026e-01
         4.02377e+00        -4.41955e-01
         4.02679e+00        -4.42073e-01
         4.02981e+00        -4.42522e-01
         4.03283e+00        -4.42939e-01
         4.03586e+00        -4.43421e-01
         4.03888e+00        -4.44024e-01
         4.04190e+00        -4.44572e-01
         4.04493e+00        -4.45251e-01
         4.04795e+00        -4.45197e-01
         4.05097e+00        -4.44920e-01
         4.05400e+00        -4.44594e-01
         4.05702e+00        -4.46786e-01
         4.06004e+00        -4.50700e-01
         4.06306e+00        -4.60269e-01
         4.06609e+00        -4.89866e-01
         4.06911e+00        -5.14257e-01
         4.07213e+00        -5.10113e-01
         4.07516e+00        -4.94032e-01
         4.07818e+00        -4.80812e-01
         4.08120e+00        -4.72821e-01
         4.08422e+00        -4.82259e-01
         4.08725e+00        -4.65224e-01
         4.09027e+00        -4.56783e-01
         4.09329e+00        -4.64216e-01
         4.09632e+00        -5.09258e-01
         4.09934e+00        -5.57989e-01
         4.10236e+00        -5.93183e-01
         4.10538e+00        -6.16433e-01
         4.10841e+00        -6.30661e-01
         4.11143e+00        -6.63251e-01
         4.11445e+00        -6.91993e-01
         4.11748e+00        -6.73841e-01
         4.12050e+00        -6.37118e-01
         4.12352e+00        -6.06940e-01
         4.12654e+00        -5.77629e-01
         4.12957e+00        -5.49993e-01
         4.13259e+00        -5.27236e-01
         4.13561e+00        -5.01585e-01
         4.13864e+00        -4.93144e-01
         4.14166e+00        -4.98099e-01
         4.14468e+00        -5.05082e-01
         4.14770e+00        -5.14301e-01
         4.15073e+00        -5.26621e-01
         4.15375e+00        -5.22281e-01
         4.15677e+00        -5.09927e-01
         4.15980e+00        -4.95183e-01
         4.16282e+00        -4.83903e-01
         4.16584e+00        -4.76800e-01
         4.16887e+00        -4.71176e-01
         4.17189e+00        -4.81755e-01
         4.17491e+00        -5.18272e-01
         4.17793e+00        -5.40160e-01
         4.18096e+00        -5.40763e-01
         4.18398e+00        -5.44917e-01
         4.18700e+00        -5.53884e-01
         4.19003e+00        -5.76816e-01
         4.19305e+00        -5.96175e-01
         4.19607e+00        -6.39365e-01
         4.19909e+00        -7.57721e-01
         4.20212e+00        -8.67474e-01
         4.20514e+00        -8.97135e-01
         4.20816e+00        -9.00456e-01
         4.21119e+00        -8.94592e-01
         4.21421e+00        -8.65948e-01
         4.21723e+00        -8.41569e-01
         4.22025e+00        -8.29237e-01
         4.22328e+00        -8.25115e-01
         4.22630e+00        -8.38624e-01
         4.22932e+00        -8.59568e-01
         4.23235e+00        -8.66507e-01
         4.23537e+00        -8.65893e-01
         4.23839e+00        -8.66507e-01
         4.24141e+00        -8.75814e-01
         4.24444e+00        -8.53134e-01
         4.24746e+00        -8.16039e-01
         4.25048e+00        -7.72781e-01
         4.25351e+00        -7.51484e-01
         4.25653e+00        -7.16164e-01
         4.25955e+00        -6.83520e-01
         4.26257e+00        -6.49067e-01
         4.26560e+00        -6.24040e-01
         4.26862e+00        -6.25016e-01
         4.27164e+00        -6.50656e-01
         4.27467e+00        -6.83136e-01
         4.27769e+00        -7.31309e-01
         4.28071e+00        -7.48842e-01
         4.28374e+00        -7.30163e-01
         4.28676e+00        -7.57677e-01
         4.28978e+00        -7.81750e-01
         4.29280e+00        -7.97590e-01
         4.29583e+00        -7.59596e-01
         4.29885e+00        -8.23186e-01
         4.30187e+00        -8.79234e-01
         4.30490e+00        -8.95830e-01
         4.30792e+00        -8.90678e-01
         4.31094e+00        -8.84123e-01
         4.31396e+00        -8.73490e-01
         4.31699e+00        -8.62517e-01
         4.32001e+00        -8.70739e-01
         4.32303e+00        -8.72262e-01
         4.32606e+00        -8.78417e-01
         4.32908e+00        -8.75200e-01
         4.33210e+00        -8.58384e-01
         4.33512e+00        -8.36713e-01
         4.33815e+00        -8.15151e-01
         4.34117e+00        -8.14449e-01
         4.34419e+00        -8.85669e-01
         4.34722e+00        -1.00512e+00
         4.35024e+00        -1.09281e+00
         4.35326e+00        -1.08392e+00
         4.35628e+00        -1.01559e+00
         4.35931e+00        -9.43734e-01
         4.36233e+00        -8.71714e-01
         4.36535e+00        -8.20062e-01
         4.36838e+00        -8.00692e-01
         4.37140e+00        -7.70349e-01
         4.37442e+00        -7.50201e-01
         4.37744e+00        -7.33151e-01
         4.38047e+00        -7.34767e-01
         4.38349e+00        -7.43558e-01
         4.38651e+00        -7.74811e-01
         4.38954e+00        -8.06535e-01
         4.39256e+00        -8.78390e-01
         4.39558e+00        -9.84030e-01
         4.39861e+00        -1.06426e+00
         4.40163e+00        -1.13345e+00
         4.40465e+00        -1.19734e+00
         4.40767e+00        -1.21155e+00
         4.41070e+00        -1.21905e+00
         4.41372e+00        -1.22117e+00
         4.41674e+00        -1.22291e+00
         4.41977e+00        -1.22448e+00
         4.42279e+00        -1.22415e+00
         4.42581e+00        -1.20651e+00
         4.42883e+00        -1.21531e+00
         4.43186e+00        -1.21763e+00
         4.43488e+00        -1.21289e+00
         4.43790e+00        -1.19585e+00
         4.44093e+00        -1.18981e+00
         4.44395e+00        -1.18384e+00
         4.44697e+00        -1.17627e+00
         4.44999e+00        -1.17228e+00
         4.45302e+00        -1.17007e+00
         4.45604e+00        -1.16883e+00
         4.45906e+00        -1.16953e+00
         4.46209e+00        -1.17066e+00
         4.46511e+00        -1.17185e+00
         4.46813e+00        -1.17388e+00
         4.47115e+00        -1.16977e+00
         4.47418e+00        -1.13605e+00
         4.47720e+00        -1.08411e+00
         4.48022e+00        -1.06682e+00
         4.48325e+00        -1.05286e+00
         4.48627e+00        -1.04140e+00
         4.48929e+00        -1.01342e+00
         4.49231e+00        -9.79952e-01
         4.49534e+00        -9.55836e-01
         4.49836e+00        -9.35008e-01
