         3.60508e+00        -8.76430e-01        -5.20360e+00
         3.60811e+00         9.44726e-02        -9.25069e+00
         3.61114e+00         2.04233e+00        -1.12466e+01
         3.61417e+00         3.69174e+00        -1.54419e+01
         3.61719e+00         3.95662e+00        -1.46763e+01
         3.62019e+00         6.33465e+00        -1.72092e+01
         3.62322e+00         5.88707e+00        -1.49616e+01
         3.62625e+00         5.23385e+00        -1.80937e+01
         3.62928e+00         6.43464e+00        -1.71071e+01
         3.63231e+00         5.47149e+00        -1.50226e+01
         3.63533e+00         3.61081e+00        -2.12553e+01
         3.63833e+00         2.65007e+00        -1.76509e+01
         3.64136e+00         1.75256e+00        -2.11304e+01
         3.64439e+00         1.59795e+00        -2.03595e+01
         3.64742e+00        -9.69646e-01        -1.98525e+01
         3.65044e+00        -1.21344e+00        -2.17682e+01
         3.65347e+00        -5.16811e-01        -1.93779e+01
         3.65647e+00        -1.40336e+00        -1.79429e+01
         3.65950e+00        -2.56281e+00        -2.39900e+01
         3.66253e+00        -8.47806e-02        -2.11495e+01
         3.66556e+00         1.94401e+00        -2.18234e+01
         3.66858e+00         2.65510e+00        -2.37868e+01
         3.67161e+00         2.36193e+00        -1.82199e+01
         3.67461e+00         3.17600e+00        -1.89053e+01
         3.67764e+00         4.32360e+00        -1.95295e+01
         3.68067e+00         3.56909e+00        -1.38527e+01
         3.68369e+00         1.67497e+00        -1.95371e+01
         3.68672e+00         2.75594e+00        -2.07725e+01
         3.68972e+00         3.42661e+00        -1.89465e+01
         3.69275e+00         3.44338e+00        -2.55915e+01
         3.69578e+00         4.61224e+00        -2.05853e+01
         3.69881e+00         4.51620e+00        -2.12072e+01
         3.70183e+00         2.25426e+00        -2.34280e+01
         3.70486e+00         2.76328e+00        -1.78334e+01
         3.70786e+00         2.04901e+00        -2.16651e+01
         3.71089e+00         2.58685e+00        -2.31311e+01
         3.71392e+00         4.56216e+00        -1.98288e+01
         3.71694e+00         4.85081e+00        -2.16895e+01
         3.71997e+00         4.90595e+00        -2.12342e+01
         3.72300e+00         6.97665e+00        -2.48206e+01
         3.72600e+00         7.95503e+00        -2.38582e+01
         3.72903e+00         7.48976e+00        -2.41044e+01
         3.73206e+00         8.12873e+00        -2.39334e+01
         3.73508e+00         9.05677e+00        -2.50523e+01
         3.73811e+00         9.95008e+00        -2.29798e+01
         3.74111e+00         8.93388e+00        -2.54535e+01
         3.74414e+00         6.80474e+00        -2.80539e+01
         3.74717e+00         6.53950e+00        -2.78164e+01
         3.75019e+00         6.77461e+00        -2.84899e+01
         3.75322e+00         4.89390e+00        -3.13988e+01
         3.75625e+00         2.60846e+00        -3.54638e+01
         3.75925e+00         1.82020e+00        -3.13174e+01
         3.76228e+00         3.51336e+00        -3.24445e+01
         3.76531e+00         3.17692e+00        -3.42005e+01
         3.76833e+00         5.13452e+00        -3.02541e+01
         3.77136e+00         6.18075e+00        -3.16145e+01
         3.77439e+00         7.48757e+00        -3.44136e+01
         3.77739e+00         9.94288e+00        -3.09650e+01
         3.78042e+00         1.24606e+01        -3.04330e+01
         3.78344e+00         1.40636e+01        -3.01584e+01
         3.78647e+00         1.63690e+01        -2.63641e+01
         3.78950e+00         1.54685e+01        -2.67716e+01
         3.79253e+00         1.71635e+01        -2.70003e+01
         3.79553e+00         1.78073e+01        -2.80760e+01
         3.79856e+00         1.73902e+01        -2.76300e+01
         3.80158e+00         1.69278e+01        -2.98622e+01
         3.80461e+00         1.71943e+01        -3.26495e+01
         3.80764e+00         1.56015e+01        -3.39708e+01
         3.81064e+00         1.39609e+01        -3.62858e+01
         3.81367e+00         1.33101e+01        -3.49863e+01
         3.81669e+00         9.86150e+00        -3.83924e+01
         3.81972e+00         6.75104e+00        -4.49569e+01
         3.82275e+00         9.16541e+00        -4.12902e+01
         3.82578e+00         9.21568e+00        -3.99635e+01
         3.82878e+00         9.08284e+00        -3.86879e+01
         3.83181e+00         9.64626e+00        -3.75638e+01
         3.83483e+00         1.25825e+01        -4.05071e+01
         3.83786e+00         1.48260e+01        -3.79423e+01
         3.84089e+00         1.52081e+01        -4.15057e+01
         3.84392e+00         1.75125e+01        -4.04361e+01
         3.84692e+00         1.91818e+01        -4.09910e+01
         3.84994e+00         2.10036e+01        -3.70992e+01
         3.85297e+00         2.23821e+01        -3.96605e+01
         3.85600e+00         2.43288e+01        -3.98501e+01
         3.85903e+00         2.49883e+01        -3.47571e+01
         3.86203e+00         2.37470e+01        -3.18098e+01
         3.86506e+00         2.31955e+01        -3.68452e+01
         3.86808e+00         2.47196e+01        -3.83909e+01
         3.87111e+00         2.61499e+01        -3.47165e+01
         3.87414e+00         2.39718e+01        -3.57750e+01
         3.87717e+00         2.24513e+01        -3.99948e+01
         3.88017e+00         2.38547e+01        -3.88511e+01
         3.88319e+00         2.34067e+01        -3.73911e+01
         3.88622e+00         2.36738e+01        -3.81945e+01
         3.88925e+00         2.47260e+01        -4.24403e+01
         3.89228e+00         2.47768e+01        -4.11743e+01
         3.89531e+00         2.57584e+01        -3.75640e+01
         3.89831e+00         2.54533e+01        -3.72678e+01
         3.90133e+00         2.48723e+01        -3.79521e+01
         3.90436e+00         2.57404e+01        -3.68431e+01
         3.90739e+00         2.50734e+01        -3.81221e+01
         3.91042e+00         2.29907e+01        -4.15587e+01
         3.91342e+00         2.20059e+01        -4.46105e+01
         3.91644e+00         2.52431e+01        -4.48292e+01
         3.91947e+00         2.06995e+01        -4.35216e+01
         3.92250e+00         1.76379e+01        -5.72995e+01
         3.92553e+00         1.97629e+01        -4.94801e+01
         3.92856e+00         1.98278e+01        -4.43969e+01
         3.93156e+00         2.36126e+01        -4.82355e+01
         3.93458e+00         2.46874e+01        -5.38499e+01
         3.93761e+00         2.45014e+01        -5.32422e+01
         3.94064e+00         2.31902e+01        -4.50568e+01
         3.94367e+00         2.20749e+01        -5.06536e+01
         3.94669e+00         2.64249e+01        -5.14718e+01
         3.94969e+00         2.59580e+01        -3.20411e+01
         3.95272e+00         2.07178e+01        -3.87316e+01
         3.95575e+00         2.45612e+01        -4.02086e+01
         3.95878e+00         2.76060e+01        -3.92070e+01
         3.96181e+00         2.98011e+01        -2.86409e+01
         3.96483e+00         2.93382e+01        -3.55217e+01
         3.96783e+00         3.11735e+01        -2.80693e+01
         3.97086e+00         3.40690e+01        -3.00831e+01
         3.97389e+00         3.28777e+01        -3.84448e+01
         3.97692e+00         3.35416e+01        -2.59204e+01
         3.97994e+00         3.55446e+01        -3.39110e+01
         3.98294e+00         3.48512e+01        -4.22507e+01
         3.98597e+00         3.80936e+01        -4.43792e+01
         3.98900e+00         3.84361e+01        -3.92447e+01
         3.99203e+00         3.73425e+01        -4.18003e+01
         3.99506e+00         3.78124e+01        -4.33189e+01
         3.99808e+00         3.86798e+01        -4.39312e+01
         4.00108e+00         3.96730e+01        -4.38087e+01
         4.00411e+00         3.69582e+01        -4.80995e+01
         4.00714e+00         3.60745e+01        -4.62375e+01
         4.01017e+00         3.70051e+01        -4.41547e+01
         4.01319e+00         3.53028e+01        -4.50129e+01
         4.01622e+00         3.29964e+01        -4.02366e+01
         4.01922e+00         3.50100e+01        -4.36267e+01
         4.02225e+00         3.46764e+01        -3.63661e+01
         4.02528e+00         3.45734e+01        -3.90059e+01
         4.02831e+00         3.44875e+01        -3.88847e+01
         4.03133e+00         3.42413e+01        -3.30544e+01
         4.03433e+00         3.56985e+01        -3.28689e+01
         4.03736e+00         3.72539e+01        -3.47108e+01
         4.04039e+00         3.65429e+01        -3.40274e+01
         4.04342e+00         3.74567e+01        -3.23498e+01
         4.04644e+00         3.98128e+01        -3.02697e+01
         4.04947e+00         3.96398e+01        -3.39470e+01
         4.05247e+00         4.13966e+01        -3.57786e+01
         4.05550e+00         4.28429e+01        -4.04709e+01
         4.05853e+00         4.31197e+01        -3.69522e+01
         4.06156e+00         4.42687e+01        -3.54680e+01
         4.06458e+00         4.41804e+01        -4.10473e+01
         4.06761e+00         4.09165e+01        -4.26561e+01
         4.07061e+00         4.56032e+01        -4.15703e+01
         4.07364e+00         4.61626e+01        -4.11432e+01
         4.07667e+00         4.07293e+01        -5.20825e+01
         4.07969e+00         4.03817e+01        -5.26451e+01
         4.08272e+00         4.26246e+01        -5.24786e+01
         4.08572e+00         4.13088e+01        -5.58332e+01
         4.08875e+00         3.75289e+01        -5.49283e+01
         4.09178e+00         3.60083e+01        -5.86217e+01
         4.09481e+00         3.33360e+01        -5.86362e+01
         4.09783e+00         3.23435e+01        -5.17193e+01
         4.10086e+00         2.55439e+01        -5.03774e+01
         4.10386e+00         3.41274e+01        -4.47608e+01
         4.10689e+00         2.96315e+01        -4.23592e+01
         4.10992e+00         2.98130e+01        -4.57711e+01
         4.11294e+00         4.57007e+01        -3.50598e+01
         4.11597e+00         4.10648e+01        -2.91284e+01
         4.11900e+00         3.84266e+01        -3.34378e+01
         4.12200e+00         4.15491e+01        -2.46047e+01
         4.12503e+00         4.67244e+01        -1.75311e+01
         4.12806e+00         4.74632e+01        -1.57230e+01
         4.13108e+00         4.28434e+01        -2.04751e+01
         4.13411e+00         4.51623e+01        -1.84229e+01
         4.13711e+00         4.95916e+01        -1.20959e+01
         4.14014e+00         5.01549e+01        -1.63623e+01
         4.14317e+00         4.51008e+01        -2.30908e+01
         4.14619e+00         4.36028e+01        -2.48641e+01
         4.14922e+00         4.83290e+01        -2.19106e+01
         4.15225e+00         5.00187e+01        -2.83924e+01
         4.15525e+00         4.49991e+01        -3.65598e+01
         4.15828e+00         4.63105e+01        -3.17922e+01
         4.16131e+00         5.15428e+01        -3.22579e+01
         4.16433e+00         5.10427e+01        -3.67854e+01
         4.16736e+00         4.56901e+01        -4.24319e+01
         4.17039e+00         4.44064e+01        -4.40387e+01
         4.17339e+00         4.50393e+01        -4.57118e+01
         4.17642e+00         4.08014e+01        -5.22093e+01
         4.17944e+00         3.41046e+01        -5.66938e+01
         4.18247e+00         3.16459e+01        -6.19015e+01
         4.18550e+00         2.93013e+01        -6.21019e+01
         4.18853e+00         2.68384e+01        -6.24529e+01
         4.19153e+00         2.58993e+01        -5.76130e+01
         4.19456e+00         2.65977e+01        -6.82769e+01
         4.19758e+00         2.47155e+01        -5.55206e+01
         4.20061e+00         2.73765e+01        -6.19764e+01
         4.20364e+00         2.85595e+01        -5.78726e+01
         4.20664e+00         3.43764e+01        -5.57742e+01
         4.20967e+00         3.83650e+01        -5.36995e+01
         4.21269e+00         4.08271e+01        -4.76866e+01
         4.21572e+00         4.54068e+01        -3.24481e+01
         4.21875e+00         5.01692e+01        -2.38295e+01
         4.22178e+00         4.38056e+01        -2.85773e+01
         4.22478e+00         3.46833e+01        -3.10483e+01
         4.22781e+00         3.49796e+01        -2.99474e+01
         4.23083e+00         3.06931e+01        -2.59134e+01
         4.23386e+00         3.15253e+01        -2.96486e+01
         4.23689e+00         3.34317e+01        -2.98782e+01
         4.23992e+00         3.14120e+01        -3.42186e+01
         4.24292e+00         2.39450e+01        -4.23112e+01
         4.24594e+00         2.77868e+01        -3.20785e+01
         4.24897e+00         3.38237e+01        -4.63387e+01
         4.25200e+00         3.40425e+01        -4.22737e+01
         4.25503e+00         3.63558e+01        -4.55772e+01
         4.25803e+00         4.12382e+01        -4.65620e+01
         4.26106e+00         4.04448e+01        -5.27016e+01
         4.26408e+00         3.59651e+01        -5.22317e+01
         4.26711e+00         3.34426e+01        -5.56139e+01
         4.27014e+00         3.42846e+01        -6.02483e+01
         4.27317e+00         3.33273e+01        -5.10909e+01
         4.27617e+00         2.31032e+01        -5.35735e+01
         4.27919e+00         2.30358e+01        -5.20318e+01
         4.28222e+00         3.07794e+01        -5.15155e+01
         4.28525e+00         3.44447e+01        -4.66317e+01
         4.28828e+00         3.86732e+01        -3.97310e+01
         4.29131e+00         4.27139e+01        -4.08582e+01
         4.29431e+00         4.56220e+01        -3.84143e+01
         4.29733e+00         4.54041e+01        -2.73001e+01
         4.30036e+00         4.70998e+01        -1.98426e+01
         4.30339e+00         4.13886e+01        -3.31331e+01
         4.30642e+00         4.81171e+01        -3.05192e+01
         4.30942e+00         5.32669e+01        -2.69197e+01
         4.31244e+00         4.69076e+01        -3.33436e+01
         4.31547e+00         4.77917e+01        -2.95007e+01
         4.31850e+00         4.60776e+01        -3.19894e+01
         4.32153e+00         4.24776e+01        -3.04742e+01
         4.32456e+00         3.95681e+01        -3.69391e+01
         4.32756e+00         3.31008e+01        -4.14772e+01
         4.33058e+00         3.01351e+01        -4.34366e+01
         4.33361e+00         3.02737e+01        -4.42027e+01
         4.33664e+00         3.19258e+01        -5.01047e+01
         4.33967e+00         2.88770e+01        -4.86295e+01
         4.34269e+00         2.83313e+01        -4.61420e+01
         4.34569e+00         3.04112e+01        -3.55439e+01
         4.34872e+00         4.06010e+01        -5.18134e+01
         4.35175e+00         5.02440e+01        -6.74462e+01
         4.35478e+00         4.77832e+01        -5.07817e+01
         4.35781e+00         4.13058e+01        -4.61755e+01
         4.36081e+00         3.89777e+01        -3.97111e+01
         4.36383e+00         3.80922e+01        -3.49143e+01
         4.36686e+00         3.13634e+01        -4.33918e+01
         4.36989e+00         3.76444e+01        -3.50783e+01
         4.37292e+00         5.17814e+01        -2.34978e+01
         4.37594e+00         5.76418e+01        -2.69129e+01
         4.37894e+00         5.34734e+01        -2.53840e+01
         4.38197e+00         5.29006e+01        -2.39807e+01
         4.38500e+00         5.26223e+01        -2.23577e+01
         4.38803e+00         4.72027e+01        -2.62900e+01
         4.39106e+00         3.72863e+01        -3.59670e+01
         4.39408e+00         2.40181e+01        -4.94189e+01
         4.39708e+00         1.40769e+01        -3.48792e+01
         4.40011e+00         2.55852e+00        -6.21827e+01
         4.40314e+00        -1.77767e+00        -8.96424e+01
         4.40617e+00         6.24428e+00        -8.97685e+01
         4.40919e+00         8.49710e+00        -9.18669e+01
         4.41219e+00         9.65823e+00        -1.00695e+02
         4.41522e+00         1.50263e+01        -9.87023e+01
         4.41825e+00         2.75894e+01        -8.83843e+01
         4.42128e+00         3.85095e+01        -8.61580e+01
         4.42431e+00         4.12189e+01        -8.46565e+01
         4.42733e+00         4.19477e+01        -7.27637e+01
         4.43033e+00         4.69902e+01        -6.74992e+01
         4.43336e+00         4.48212e+01        -6.68963e+01
         4.43639e+00         4.26202e+01        -6.28972e+01
         4.43942e+00         4.66001e+01        -4.87424e+01
         4.44244e+00         4.79447e+01        -3.73946e+01
         4.44547e+00         4.37920e+01        -3.90960e+01
         4.44847e+00         4.04478e+01        -3.25007e+01
         4.45150e+00         3.36740e+01        -3.54689e+01
         4.45453e+00         3.22367e+01        -3.92047e+01
         4.45756e+00         3.40387e+01        -4.15885e+01
         4.46058e+00         3.01124e+01        -4.26462e+01
         4.46361e+00         2.71724e+01        -4.59479e+01
         4.46661e+00         2.71379e+01        -5.58690e+01
         4.46964e+00         2.94584e+01        -5.78140e+01
         4.47267e+00         3.11705e+01        -6.23417e+01
         4.47569e+00         3.17631e+01        -6.37133e+01
         4.47872e+00         2.96087e+01        -6.48168e+01
         4.48172e+00         2.91429e+01        -6.61448e+01
         4.48475e+00         2.81966e+01        -6.92078e+01
         4.48778e+00         2.64885e+01        -7.93962e+01
         4.49081e+00         2.55095e+01        -7.75508e+01
         4.49383e+00         2.86220e+01        -7.19052e+01
         4.49686e+00         3.02379e+01        -6.28585e+01
         4.49986e+00         2.71465e+01        -6.58051e+01
