         5.00250e+00        -1.41478e+02         6.75061e+01
         5.00558e+00        -3.82432e+02         3.53500e+02
         5.00867e+00        -5.57790e+01         1.09499e+02
         5.01175e+00         2.57017e+02         4.28934e+01
         5.01483e+00        -1.38495e+02        -6.34375e+02
         5.01792e+00        -2.96789e+02        -6.16378e+02
         5.02100e+00        -2.55874e+02        -3.06896e+02
         5.02408e+00        -1.96576e+01        -2.70319e+00
         5.02717e+00        -7.63784e+01         7.08966e+02
         5.03022e+00        -3.12268e+02         7.89594e+02
         5.03331e+00        -4.21256e+02         1.01153e+03
         5.03639e+00        -1.74311e+02         4.68879e+02
         5.03947e+00        -9.10728e+01        -2.28863e+02
         5.04256e+00         4.35055e+01        -5.24322e+02
         5.04564e+00        -1.01667e+02        -3.45655e+00
         5.04872e+00        -1.22108e+02        -2.34826e+01
         5.05181e+00        -1.15820e+02         2.14047e+02
         5.05489e+00        -1.40787e+02         6.05414e+02
         5.05797e+00        -2.25963e+02         6.20655e+01
         5.06103e+00        -1.92599e+02         2.18419e+02
         5.06411e+00         8.57090e+00        -1.18506e+02
         5.06719e+00        -4.35105e+01        -3.95897e+02
         5.07028e+00         7.42699e+01        -2.42089e+02
         5.07336e+00        -2.10067e+02        -2.27821e+02
         5.07644e+00        -4.65814e+01        -4.09597e+02
         5.07953e+00        -5.37439e+01         1.82028e+01
         5.08261e+00         1.76974e+02         1.68681e+02
         5.08569e+00         1.49497e+02         7.96543e+00
         5.08878e+00        -1.24000e+02         9.47099e+01
         5.09186e+00         2.36239e+02        -2.09277e+02
         5.09492e+00        -1.07627e+02        -2.03748e+02
         5.09800e+00         2.21645e+02        -7.64555e+02
         5.10108e+00        -1.43012e+02        -5.17840e+02
         5.10417e+00         3.51256e+01        -5.43728e+02
         5.10725e+00         1.18711e+02        -4.81084e+01
         5.11033e+00         1.46033e+01        -1.47292e+02
         5.11342e+00         3.84070e+01         3.52065e+02
         5.11650e+00         3.57795e+02        -2.48496e+02
         5.11958e+00         2.46054e+02        -6.37506e+02
         5.12267e+00        -3.44644e+02         3.74721e+02
         5.12572e+00         1.42596e+02        -5.39298e+02
         5.12881e+00        -4.82596e+00        -5.46937e+02
         5.13189e+00        -3.84817e+02        -2.61100e+02
         5.13497e+00        -5.97489e+01        -4.44731e+02
         5.13806e+00        -5.00432e+01        -1.10011e+02
         5.14114e+00        -6.17127e+01        -7.91414e+01
         5.14422e+00        -3.22865e+02        -2.60779e+02
         5.14731e+00        -5.51211e+02        -2.13081e+01
         5.15039e+00        -4.53227e+02        -5.32630e+02
         5.15347e+00        -1.06000e+02        -1.64443e+02
         5.15653e+00        -5.33295e+01         3.18189e+02
         5.15961e+00        -5.09512e+00         1.27823e+02
         5.16269e+00        -3.42805e+01         3.82189e+02
         5.16578e+00        -1.69052e+02         6.31031e+02
         5.16886e+00        -6.84364e+01         2.39739e+02
         5.17194e+00         2.40213e+01         3.00816e+02
         5.17503e+00        -6.96478e+01         3.00385e+02
         5.17811e+00         2.51401e+01        -3.57898e+02
         5.18119e+00        -2.06113e+02        -3.99312e+02
         5.18428e+00        -6.34484e+01        -6.36342e+01
         5.18736e+00        -2.07722e+02         9.30278e+01
         5.19042e+00        -1.01656e+02         2.48632e+02
         5.19350e+00        -7.36964e+01        -1.31690e+02
         5.19658e+00        -1.31992e+02         2.04172e+01
         5.19967e+00        -2.81218e+01         1.29100e+02
         5.20275e+00         3.57325e+01         7.22849e+01
         5.20583e+00        -5.85606e+00        -2.84383e+02
         5.20892e+00        -9.63646e+01        -2.06812e+02
         5.21200e+00        -7.55743e+01        -1.02337e-02
         5.21508e+00        -9.02774e+01        -1.34330e+02
         5.21817e+00        -1.68207e+02         2.19712e+02
         5.22122e+00        -9.49963e+01         5.16138e+02
         5.22431e+00         6.29187e+01         1.00753e+03
         5.22739e+00         8.78968e+01         7.01388e+02
         5.23047e+00         3.27791e+01         2.96349e+02
         5.23356e+00        -2.16672e+01        -1.63931e+01
         5.23664e+00        -1.57457e+02         1.29931e+01
         5.23972e+00        -1.70575e+02        -3.07473e+02
         5.24281e+00        -1.44268e+02        -3.28525e+02
         5.24589e+00        -1.05123e+02        -1.87211e+02
         5.24897e+00         6.66697e+01        -1.31171e+02
         5.25203e+00         1.92279e+02         7.19404e+01
         5.25511e+00         2.37836e+02        -3.28220e+01
         5.25819e+00         1.30711e+02        -7.24175e+01
         5.26128e+00         6.37365e+01        -3.00849e+02
         5.26436e+00        -9.52541e+01        -2.59337e+01
         5.26744e+00        -9.87288e+01         1.50116e+02
         5.27053e+00        -4.91775e+01         3.21873e+02
         5.27361e+00        -3.97955e+01         4.40958e+02
         5.27669e+00        -7.72685e+00         2.68709e+02
         5.27978e+00         2.90250e+01         1.17116e+02
         5.28286e+00         4.34679e+01         1.01280e+02
         5.28592e+00         8.99525e+01         4.38812e+01
         5.28900e+00         3.70162e+01         7.22087e+01
         5.29208e+00        -3.08506e+00         3.37442e+02
         5.29517e+00        -6.58679e+01         1.61786e+02
         5.29825e+00        -3.57316e+01         6.56808e+01
         5.30133e+00         1.98836e+01         1.08973e+02
         5.30442e+00         8.04373e+01         9.78569e+01
         5.30750e+00         4.80703e+01        -2.23014e+02
         5.31058e+00        -1.05117e+01        -2.39734e+02
         5.31367e+00        -1.20332e+02        -2.86195e+02
         5.31672e+00        -2.48135e+02         4.82037e+01
         5.31981e+00        -2.01961e+02         2.50395e+02
         5.32289e+00        -1.35745e+02         9.59257e+01
         5.32597e+00        -1.77786e+02         3.38313e+01
         5.32906e+00        -7.93010e+01        -4.02937e+02
         5.33214e+00         7.09539e+01        -2.80661e+02
         5.33522e+00        -4.03151e+01        -1.23123e+02
         5.33831e+00        -9.12868e+01        -1.82102e+02
         5.34139e+00        -6.72934e+01         5.77230e+01
         5.34447e+00        -1.48825e+02        -1.28254e+02
         5.34756e+00        -1.45881e+02        -1.70561e+02
         5.35061e+00        -2.21250e+01        -3.18867e+01
         5.35369e+00         6.47447e+01        -7.36660e+00
         5.35678e+00         4.50891e+01         1.51930e+02
         5.35986e+00         1.20456e+02         2.10058e+02
         5.36294e+00         2.24392e+02         2.05136e+02
         5.36603e+00         1.62452e+02        -1.63718e+02
         5.36911e+00        -3.54863e+00        -1.65233e+02
         5.37219e+00        -1.43118e+01        -5.82527e+01
         5.37528e+00        -1.32264e+02         5.08305e+01
         5.37836e+00        -5.62806e+01        -3.22326e+01
         5.38142e+00         3.81274e+01        -1.14550e+02
         5.38450e+00         7.20396e+01        -1.82644e+02
         5.38758e+00         5.75242e+01        -2.40849e+02
         5.39067e+00         3.35189e+01        -3.14073e+02
         5.39375e+00        -2.88739e+01        -6.81024e+01
         5.39683e+00        -5.38016e+01         2.62866e+02
         5.39992e+00         2.47620e+01         1.86496e+02
         5.40300e+00         7.81544e-01        -1.03961e+02
         5.40608e+00         7.15439e+01        -1.56954e+02
         5.40917e+00         1.50636e+02        -3.10612e+02
         5.41222e+00         1.84418e+02        -1.96769e+02
         5.41531e+00         1.84277e+02        -2.63771e+02
         5.41839e+00         1.75418e+02        -4.13534e+02
         5.42147e+00         5.95774e+01        -2.05859e+02
         5.42456e+00         6.87794e+01        -2.27939e+02
         5.42764e+00         4.75147e+01        -3.19037e+02
         5.43072e+00        -1.15746e+02         1.75030e+01
         5.43381e+00        -1.24692e+02         1.61471e+02
         5.43689e+00        -2.54205e+02         4.91152e+02
         5.43997e+00        -2.43850e+02         6.32674e+02
         5.44306e+00        -1.00802e+02         4.75197e+02
         5.44611e+00         1.06389e+01        -1.49385e+02
         5.44919e+00         1.50497e+02        -4.41293e+02
         5.45228e+00         2.49367e+02        -6.67489e+02
         5.45536e+00         2.18747e+02        -6.70066e+02
         5.45844e+00         1.74961e+02        -6.13256e+02
         5.46153e+00         1.32754e+02        -3.25381e+02
         5.46461e+00         4.64672e+01        -9.06780e+01
         5.46769e+00         1.59639e+01        -2.24631e+01
         5.47078e+00        -7.81258e+01         1.78668e+02
         5.47386e+00        -1.22872e+02         1.53241e+02
         5.47692e+00        -1.35949e+02         1.02455e+02
         5.48000e+00        -8.78028e+01        -2.04548e+02
         5.48308e+00        -1.21687e+02        -2.37757e+02
         5.48617e+00        -6.26373e+01        -1.00170e+02
         5.48925e+00        -2.30917e+01        -4.18499e+01
         5.49233e+00        -7.04399e+01         1.31506e+02
         5.49542e+00         2.14324e+01         2.04097e+02
         5.49850e+00         2.21221e+01        -1.80600e+02
         5.50158e+00         4.05242e+01        -6.39327e+01
         5.50467e+00         1.47483e+02        -5.80226e+02
         5.50772e+00         7.83810e+01        -3.85266e+02
         5.51081e+00         1.01875e+02        -3.81308e+02
         5.51389e+00         4.34013e+01        -3.22638e+02
         5.51697e+00        -5.69084e+01        -2.41043e+02
         5.52006e+00         2.18472e+01        -1.47800e+02
         5.52314e+00        -8.28162e+01        -8.70573e+01
         5.52622e+00         4.66918e+00        -3.07654e+02
         5.52931e+00        -1.12188e+02         7.14683e+01
         5.53239e+00         6.30224e+00        -1.88029e+02
         5.53547e+00        -1.69596e+01         3.43470e+01
         5.53856e+00        -2.03422e+01         1.55834e+02
         5.54161e+00        -4.65653e+01         3.16500e+02
         5.54469e+00         5.49570e+00         3.43654e+02
         5.54778e+00        -5.67205e+01         3.85736e+02
         5.55086e+00         4.54880e+01         5.43998e+01
         5.55394e+00         1.03782e+02        -4.01190e+02
         5.55703e+00         2.49272e+01        -3.66199e+02
         5.56011e+00         5.54985e+01        -3.04407e+02
         5.56319e+00         3.37415e+01        -1.53314e+02
         5.56628e+00         1.46130e+01        -8.23908e+00
         5.56936e+00        -1.35580e+01         6.11844e+01
         5.57242e+00         2.61877e+01         1.00185e+02
         5.57550e+00         5.65691e+01         1.24571e+01
         5.57858e+00         5.70293e+01        -2.07392e+02
         5.58167e+00         6.68538e+01        -2.90401e+02
         5.58475e+00         4.08427e+01        -1.30729e+02
         5.58783e+00         3.42584e+01        -1.39776e+02
         5.59092e+00         6.16035e+01        -4.16881e+01
         5.59400e+00         7.96996e+01        -1.80958e+01
         5.59708e+00         4.86106e+01         5.21342e+01
         5.60017e+00         4.31251e+01        -4.11368e+01
         5.60325e+00        -1.17277e+01         2.79928e+00
         5.60631e+00        -2.45922e+01         9.98765e+01
         5.60939e+00        -5.50824e+01        -4.20884e+01
         5.61247e+00        -6.48996e+01        -5.08617e+01
         5.61556e+00        -9.24414e+01        -7.40877e+00
         5.61864e+00        -4.28752e+01         2.97305e+01
         5.62172e+00        -3.08668e+01        -8.58042e+01
         5.62481e+00        -9.08321e+01         2.85387e+01
         5.62789e+00         1.63940e+01         5.66387e+01
         5.63097e+00         3.15270e+00        -1.34903e+02
         5.63406e+00         1.34955e+01        -4.31555e+00
         5.63711e+00         2.66415e+00        -8.54233e+01
         5.64019e+00         1.42710e+01        -1.51798e+02
         5.64328e+00        -4.55839e+01        -2.79219e+01
         5.64636e+00         1.20957e+01         2.45094e+01
         5.64944e+00         3.66013e+01        -3.94569e+01
         5.65253e+00         3.47494e+01         6.23269e+00
         5.65561e+00         6.63014e+01         2.47623e+01
         5.65869e+00         3.73974e+01        -1.37370e+02
         5.66178e+00        -1.04754e+01        -7.97495e+01
         5.66486e+00         4.01254e+00        -1.06865e+02
         5.66792e+00        -6.73399e+00        -7.01244e+01
         5.67100e+00        -3.84026e+01        -3.37947e+01
         5.67408e+00         1.67736e+01        -3.48661e+01
         5.67717e+00         1.25692e+01        -1.12468e+02
         5.68025e+00        -4.96276e-01        -1.12993e+02
         5.68333e+00         6.31431e+01        -2.09730e+02
         5.68642e+00         1.11479e+02        -2.59459e+02
         5.68950e+00         1.12088e+02        -1.65938e+02
         5.69258e+00         1.72167e+02        -1.40262e+02
         5.69567e+00         1.49120e+02        -8.19396e+01
         5.69875e+00         1.15066e+02        -5.58272e+01
         5.70181e+00         6.96405e+01        -3.76808e+01
         5.70489e+00         3.36245e+01        -8.89545e+01
         5.70797e+00        -3.35886e+01        -2.97264e+01
         5.71106e+00        -5.17055e+01         1.07209e+01
         5.71414e+00        -6.07348e+01         5.80198e+01
         5.71722e+00        -4.51495e+01         9.76092e+01
         5.72031e+00         2.04888e+00         5.57812e+01
         5.72339e+00         3.81243e+01        -2.66758e+00
         5.72647e+00         4.76805e+01        -2.08937e+01
         5.72956e+00         4.92064e+01        -5.84211e+01
         5.73261e+00         4.90802e+01        -7.90808e+01
         5.73569e+00         5.56525e+01        -7.37075e+01
         5.73878e+00         7.16737e+01        -6.02019e+01
         5.74186e+00         7.64370e+01        -8.01398e+01
         5.74494e+00         8.70638e+01        -3.03289e+01
         5.74803e+00         8.94534e+01        -2.65767e+01
         5.75111e+00         9.25710e+01        -3.46199e+01
         5.75419e+00         9.71749e+01        -4.57413e+01
         5.75728e+00         1.03075e+02        -5.11230e+01
         5.76036e+00         9.84901e+01        -1.04786e+02
         5.76342e+00         1.02069e+02        -1.04071e+02
         5.76650e+00         8.18353e+01        -9.58669e+01
         5.76958e+00         6.84216e+01        -8.44955e+01
         5.77267e+00         6.57820e+01        -3.60787e+01
         5.77575e+00         6.50173e+01        -7.48427e+01
         5.77883e+00         6.62140e+01        -9.76850e+01
         5.78192e+00         6.29908e+01        -1.10501e+02
         5.78500e+00         3.10604e+01        -1.11189e+02
         5.78808e+00         2.24424e+01        -1.04322e+02
         5.79117e+00         4.74607e+01        -1.19035e+02
         5.79425e+00         6.83259e+01        -1.33733e+02
         5.79731e+00         7.98445e+01        -1.31149e+02
         5.80039e+00         1.01034e+02        -8.76971e+01
         5.80347e+00         9.87344e+01        -9.06569e+01
         5.80656e+00         1.09906e+02        -8.86427e+01
         5.80964e+00         1.11743e+02        -1.23464e+02
         5.81272e+00         1.26769e+02        -1.92681e+02
         5.81581e+00         1.70939e+02        -2.19713e+02
         5.81889e+00         1.97726e+02        -2.30847e+02
         5.82197e+00         1.88694e+02        -2.20404e+02
         5.82506e+00         1.68938e+02        -1.77379e+02
         5.82811e+00         1.42732e+02        -1.41111e+02
         5.83119e+00         1.34407e+02        -1.08499e+02
         5.83428e+00         1.23369e+02        -6.11137e+01
         5.83736e+00         1.26314e+02        -1.00691e+02
         5.84044e+00         1.16588e+02        -3.70848e+01
         5.84353e+00         9.53103e+01        -2.18673e+01
         5.84661e+00         9.42392e+01        -5.21557e+01
         5.84969e+00         8.17193e+01        -4.43236e+01
         5.85278e+00         6.34352e+01        -2.99144e+01
         5.85586e+00         6.84571e+01        -1.11640e+01
         5.85894e+00         7.88086e+01         3.27403e+00
         5.86200e+00         6.89855e+01         6.01992e+01
         5.86508e+00         8.17342e+01        -6.52607e+00
         5.86817e+00         1.08435e+02         1.42683e+01
         5.87125e+00         1.27887e+02        -6.95735e+01
         5.87433e+00         1.21729e+02        -1.05872e+02
         5.87742e+00         1.19421e+02        -9.97933e+01
         5.88050e+00         1.31606e+02        -1.13701e+02
         5.88358e+00         1.42948e+02        -1.32790e+02
         5.88667e+00         1.64574e+02        -1.23003e+02
         5.88975e+00         1.83119e+02        -1.13757e+02
         5.89281e+00         1.78944e+02        -1.08135e+02
         5.89589e+00         1.66638e+02        -1.26719e+02
         5.89897e+00         1.55773e+02        -1.56992e+02
         5.90206e+00         1.42711e+02        -1.29495e+02
         5.90514e+00         1.37340e+02        -1.60768e+02
         5.90822e+00         1.35419e+02        -1.73629e+02
         5.91131e+00         1.18289e+02        -1.90533e+02
         5.91439e+00         1.14674e+02        -2.04205e+02
         5.91747e+00         1.19082e+02        -2.04360e+02
         5.92056e+00         1.25597e+02        -2.03951e+02
         5.92361e+00         1.30468e+02        -1.81508e+02
         5.92669e+00         1.33078e+02        -1.43872e+02
         5.92978e+00         1.24251e+02        -1.74358e+02
         5.93286e+00         1.18393e+02        -2.17870e+02
         5.93594e+00         1.30510e+02        -2.18730e+02
         5.93903e+00         1.41625e+02        -2.11890e+02
         5.94211e+00         1.52358e+02        -1.72850e+02
         5.94519e+00         1.46786e+02        -1.53834e+02
         5.94828e+00         1.35052e+02        -1.63333e+02
         5.95136e+00         1.36322e+02        -1.94114e+02
         5.95444e+00         1.33462e+02        -2.03261e+02
         5.95750e+00         1.24152e+02        -1.93715e+02
         5.96058e+00         1.11884e+02        -1.88046e+02
         5.96367e+00         3.13055e+01        -4.37719e+01
         5.96675e+00        -3.67661e+01         2.26793e+02
         5.96983e+00         2.82161e+00         2.15454e+01
         5.97292e+00         8.54263e+01        -6.93074e+02
         5.97600e+00         1.97777e+02        -7.17105e+02
         5.97908e+00         1.16660e+02        -1.47810e+02
         5.98217e+00         5.84106e+01         3.99966e+02
         5.98525e+00         3.11461e+00         2.56232e+02
         5.98831e+00         6.73856e+01        -5.61411e+02
         5.99139e+00         1.77399e+02        -7.54306e+02
         5.99447e+00         2.07411e+02        -3.55842e+02
         5.99756e+00         1.56144e+02         1.61047e+02
         6.00064e+00         1.14027e+02        -1.71945e+00
         6.00372e+00         1.33895e+02        -2.93658e+02
         6.00681e+00         1.12020e+02        -3.68057e+02
         6.00989e+00         1.48582e+02        -2.19370e+02
         6.01297e+00         1.97353e+02        -3.05133e+02
         6.01606e+00         2.32427e+02        -3.58409e+02
         6.01911e+00         2.25034e+02        -2.65748e+02
         6.02219e+00         1.93845e+02        -1.31895e+02
         6.02528e+00         1.69018e+02        -9.86712e+01
         6.02836e+00         1.71564e+02        -2.64513e+02
         6.03144e+00         1.86566e+02        -3.22791e+02
         6.03453e+00         2.10878e+02        -3.88480e+02
         6.03761e+00         2.00702e+02        -1.74291e+02
         6.04069e+00         1.73223e+02        -5.19800e+01
         6.04378e+00         1.57905e+02        -7.73017e+01
         6.04686e+00         1.76360e+02        -1.61171e+02
         6.04994e+00         2.11911e+02        -2.56032e+02
         6.05300e+00         2.06938e+02        -2.63348e+02
         6.05608e+00         1.98396e+02        -1.88065e+02
         6.05917e+00         1.67913e+02        -1.01217e+02
         6.06225e+00         1.65734e+02        -9.75898e+01
         6.06533e+00         1.70033e+02        -1.50222e+02
         6.06842e+00         1.82076e+02        -2.08924e+02
         6.07150e+00         1.85553e+02        -2.48803e+02
         6.07458e+00         1.95155e+02        -2.58289e+02
         6.07767e+00         2.05204e+02        -2.44556e+02
         6.08075e+00         1.96117e+02        -2.22055e+02
         6.08381e+00         1.97904e+02        -2.09836e+02
         6.08689e+00         1.96641e+02        -2.14008e+02
         6.08997e+00         2.02198e+02        -2.12489e+02
         6.09306e+00         2.19868e+02        -2.45148e+02
         6.09614e+00         2.19222e+02        -2.79764e+02
         6.09922e+00         2.24192e+02        -2.61588e+02
         6.10231e+00         2.24478e+02        -2.29800e+02
         6.10539e+00         2.10415e+02        -2.60636e+02
         6.10847e+00         1.95599e+02        -2.44168e+02
         6.11156e+00         1.78147e+02        -2.31324e+02
         6.11464e+00         1.74245e+02        -2.72529e+02
         6.11769e+00         1.83783e+02        -3.31597e+02
         6.12078e+00         1.99285e+02        -3.25849e+02
         6.12386e+00         2.16041e+02        -3.05042e+02
         6.12694e+00         2.28486e+02        -2.89080e+02
         6.13003e+00         2.30174e+02        -2.99126e+02
         6.13311e+00         2.31222e+02        -3.50224e+02
         6.13619e+00         2.39252e+02        -3.53142e+02
         6.13928e+00         2.44795e+02        -3.20571e+02
         6.14236e+00         2.59013e+02        -2.73615e+02
         6.14544e+00         2.74092e+02        -3.16043e+02
         6.14850e+00         2.66232e+02        -3.54415e+02
         6.15158e+00         2.73659e+02        -3.33842e+02
         6.15467e+00         2.50454e+02        -2.98281e+02
         6.15775e+00         2.12764e+02        -2.97469e+02
         6.16083e+00         2.48590e+02        -3.26547e+02
         6.16392e+00         2.56870e+02        -3.87429e+02
         6.16700e+00         2.48709e+02        -4.09948e+02
         6.17008e+00         2.09988e+02        -3.20872e+02
         6.17317e+00         2.33429e+02        -3.16414e+02
         6.17625e+00         2.40083e+02        -2.34328e+02
         6.17931e+00         2.40634e+02        -2.71215e+02
         6.18239e+00         2.09106e+02        -3.21539e+02
         6.18547e+00         2.13899e+02        -3.38382e+02
         6.18856e+00         2.46317e+02        -3.09062e+02
         6.19164e+00         2.29877e+02        -3.37549e+02
         6.19472e+00         2.25913e+02        -3.24064e+02
         6.19781e+00         2.78641e+02        -3.22528e+02
         6.20089e+00         2.90384e+02        -3.62764e+02
         6.20397e+00         2.24752e+02        -3.45946e+02
         6.20706e+00         2.21619e+02        -3.17809e+02
         6.21014e+00         2.59283e+02        -3.19728e+02
         6.21319e+00         2.33038e+02        -3.58537e+02
         6.21628e+00         2.42272e+02        -3.50941e+02
         6.21936e+00         2.30710e+02        -3.87035e+02
         6.22244e+00         2.49661e+02        -4.09015e+02
         6.22553e+00         2.62187e+02        -4.52703e+02
         6.22861e+00         2.39854e+02        -4.17098e+02
         6.23169e+00         2.25456e+02        -4.21227e+02
         6.23478e+00         2.56552e+02        -4.05154e+02
         6.23786e+00         2.54499e+02        -4.05353e+02
         6.24094e+00         2.55203e+02        -3.97445e+02
         6.24400e+00         2.26346e+02        -4.09895e+02
         6.24708e+00         1.57679e+02        -3.96661e+02
         6.25017e+00         1.84253e+02        -3.51416e+02
         6.25325e+00         2.15904e+02        -2.84280e+02
         6.25633e+00         1.70088e+02        -3.20837e+02
         6.25942e+00         2.02713e+02        -3.80721e+02
         6.26250e+00         2.41311e+02        -3.57991e+02
         6.26558e+00         2.83831e+02        -4.26992e+02
         6.26867e+00         2.86261e+02        -3.80530e+02
         6.27175e+00         2.84424e+02        -3.62555e+02
         6.27483e+00         2.29063e+02        -3.30810e+02
         6.27789e+00         1.96582e+02        -3.12164e+02
         6.28097e+00         2.04171e+02        -3.40113e+02
         6.28406e+00         2.24641e+02        -3.38464e+02
         6.28714e+00         1.83632e+02        -3.18860e+02
         6.29022e+00         1.61107e+02        -3.09428e+02
         6.29331e+00         1.93468e+02        -2.64033e+02
         6.29639e+00         3.13461e+02        -3.54749e+02
         6.29947e+00         3.00959e+02        -3.60671e+02
         6.30256e+00         3.03290e+02        -3.69562e+02
         6.30564e+00         3.17104e+02        -3.93594e+02
         6.30869e+00         3.16034e+02        -4.42794e+02
         6.31178e+00         2.37916e+02        -4.32463e+02
         6.31486e+00         2.51946e+02        -3.87949e+02
         6.31794e+00         2.09253e+02        -3.93082e+02
         6.32103e+00         1.72456e+02        -3.26842e+02
         6.32411e+00         1.33008e+02        -2.74313e+02
         6.32719e+00         1.31110e+02        -2.08641e+02
         6.33028e+00         1.38893e+02        -1.93270e+02
         6.33336e+00         2.51321e+01        -1.14168e+02
         6.33644e+00         4.23972e+01        -1.34655e+02
         6.33950e+00         6.73166e+00        -6.06442e+01
         6.34258e+00         9.64016e+00        -5.06701e+01
         6.34567e+00         3.32121e+00        -6.49912e+01
         6.34875e+00        -9.54096e-01        -5.85609e+01
         6.35183e+00         9.95151e+00        -7.48052e+01
         6.35492e+00        -1.43422e+00        -6.98860e+01
         6.35800e+00        -4.38985e+00        -5.34973e+01
         6.36108e+00         1.05830e+00        -4.74304e+01
         6.36417e+00        -7.79469e+00        -4.35532e+01
         6.36725e+00         3.61040e-01        -3.74527e+01
         6.37033e+00         2.68144e+00        -3.29845e+01
         6.37339e+00         8.43243e+00        -3.32865e+01
         6.37647e+00         3.04832e+00        -5.15842e+01
         6.37956e+00         5.26073e+00        -5.22646e+01
         6.38264e+00         1.36449e+01        -4.28411e+01
         6.38572e+00         9.26353e+00        -2.35289e+01
         6.38881e+00         1.40140e+01        -4.11820e+01
         6.39189e+00         8.92677e-01        -4.60513e+01
         6.39497e+00        -5.15052e+00        -4.51949e+01
         6.39806e+00        -9.81704e+00        -3.74284e+01
         6.40114e+00        -1.35775e+01        -4.92294e+01
         6.40419e+00        -1.50493e+01        -6.55137e+01
         6.40728e+00        -2.31207e+01        -4.62136e+01
         6.41036e+00        -1.91812e+01        -3.82303e+01
         6.41344e+00        -9.77847e+00        -2.82442e+01
         6.41653e+00         6.94553e+00        -1.42949e+01
         6.41961e+00         1.48300e+00        -3.79040e+01
         6.42269e+00         4.84624e+00        -2.69160e+01
         6.42578e+00         7.05355e+00        -1.48888e+01
         6.42886e+00         1.57894e+01        -1.17491e+01
         6.43194e+00        -1.23914e+01         1.30328e+00
         6.43500e+00         9.47663e+00         1.19364e+01
         6.43808e+00         2.52743e+00         6.36299e+00
         6.44117e+00         8.19745e+00         1.80320e+01
         6.44425e+00        -1.86407e+00         2.47112e+01
         6.44733e+00        -1.95629e-01         3.26789e+01
         6.45042e+00         7.72119e+00         2.40074e+01
         6.45350e+00         1.30836e+01         2.44865e+01
         6.45658e+00        -2.20561e+01         1.77396e+01
         6.45967e+00        -7.78965e+00         2.66507e+01
         6.46275e+00         8.49515e+00         3.06575e+01
         6.46583e+00         1.44090e+01         1.78852e+01
         6.46889e+00         1.29907e+01         2.42970e+01
         6.47197e+00         1.41227e+01         2.07845e+01
         6.47506e+00         1.50874e+01         1.78941e+01
         6.47814e+00         9.56520e+00         2.08302e+01
         6.48122e+00         6.67397e+00         2.75729e+01
         6.48431e+00         4.76578e+00         2.10676e+01
         6.48739e+00         1.15679e+01         1.35259e+01
         6.49047e+00         1.06766e+01         6.28265e+00
         6.49356e+00         7.55757e+00        -1.45266e+00
         6.49664e+00         7.99632e-01        -3.97566e+00
         6.49969e+00        -1.67563e+00        -7.72411e+00
         6.50278e+00        -7.24639e+00         1.02793e+00
         6.50586e+00        -1.14331e+01         1.50378e+00
         6.50894e+00         5.43993e+00         3.84791e+00
         6.51203e+00        -1.17862e+01        -2.99677e+01
         6.51511e+00        -5.64190e+01         3.35666e+00
         6.51819e+00        -4.24922e+01         1.93707e+01
         6.52128e+00         2.12437e+01        -1.13001e+01
         6.52436e+00         3.06300e-01        -3.83369e+01
         6.52744e+00        -7.05691e+01        -3.21756e+01
         6.53053e+00        -6.11880e+01        -1.07143e+01
         6.53358e+00        -1.19364e+01        -7.63910e+00
         6.53667e+00        -1.58339e+01         2.63341e-01
         6.53975e+00        -2.55685e+01        -2.53315e+00
         6.54283e+00        -2.26809e+01        -5.74325e+01
         6.54592e+00        -5.02966e+01        -5.12547e+01
         6.54900e+00        -4.72976e+01        -4.20729e+01
         6.55208e+00        -4.50404e+01        -1.57605e+01
         6.55517e+00        -3.68870e+00        -9.86830e+00
         6.55825e+00         1.87927e+01        -1.87945e+01
         6.56133e+00        -3.26932e+01        -6.30764e+01
         6.56439e+00        -6.87777e+01        -3.80912e+01
         6.56747e+00        -4.72223e+01        -1.38771e+01
         6.57056e+00        -6.02163e-01        -1.09972e+01
         6.57364e+00        -5.59115e+00        -2.90395e+01
         6.57672e+00        -2.59619e+01        -2.38623e+01
         6.57981e+00        -5.06957e+01        -2.11726e+01
         6.58289e+00        -4.78783e+01        -2.74386e+01
         6.58597e+00        -3.44023e+01        -1.11358e+01
         6.58906e+00        -1.69660e+01        -4.68228e+00
         6.59214e+00         3.08350e+00         1.89998e+00
         6.59519e+00         1.60898e+01        -3.76638e+01
         6.59828e+00        -5.08651e+01        -4.96338e+01
         6.60136e+00        -5.11368e+01        -4.14453e+01
         6.60444e+00        -2.78078e+01        -1.64662e+01
         6.60753e+00        -1.68785e+01        -1.36117e+01
         6.61061e+00        -1.04975e+01        -2.80010e+01
         6.61369e+00        -2.07492e+01        -3.71769e+01
         6.61678e+00        -1.96657e+01        -5.11540e+01
         6.61986e+00        -2.72250e+01        -3.95881e+01
         6.62294e+00        -3.88364e+01        -3.83007e+01
         6.62603e+00        -2.90657e+01        -3.85248e+01
         6.62908e+00        -1.63177e+01        -3.42424e+01
         6.63217e+00        -2.49221e+01        -5.11986e+01
         6.63525e+00        -3.06224e+01        -4.76020e+01
         6.63833e+00        -2.63054e+01        -4.15389e+01
         6.64142e+00        -2.05033e+01        -4.32033e+01
         6.64450e+00        -1.65340e+01        -4.93306e+01
         6.64758e+00        -1.99680e+01        -5.33799e+01
         6.65067e+00        -3.14640e+01        -6.09887e+01
         6.65375e+00        -3.90914e+01        -5.94702e+01
         6.65683e+00        -2.81023e+01        -4.55680e+01
         6.65989e+00        -3.27436e+01        -4.97907e+01
         6.66297e+00        -2.92913e+01        -4.81332e+01
         6.66606e+00        -4.04441e+01        -5.55002e+01
         6.66914e+00        -3.61152e+01        -5.51925e+01
         6.67222e+00        -2.56007e+01        -4.65672e+01
         6.67531e+00        -4.23369e+01        -5.41991e+01
         6.67839e+00        -3.64129e+01        -5.13693e+01
         6.68147e+00        -3.88005e+01        -5.76274e+01
         6.68456e+00        -3.00592e+01        -6.20784e+01
         6.68764e+00        -3.19805e+01        -6.20102e+01
         6.69072e+00        -5.54119e+01        -8.00406e+01
         6.69378e+00        -6.38219e+01        -6.75629e+01
         6.69686e+00        -9.52072e+01        -5.23133e+01
         6.69994e+00         2.09053e+01        -1.58346e+00
         6.70303e+00        -6.73885e+00        -1.13368e+02
         6.70611e+00        -1.02799e+02        -1.01586e+02
         6.70919e+00        -5.76445e+01        -2.55665e+01
         6.71228e+00        -5.01853e+01        -6.03877e+01
         6.71536e+00        -5.97769e+01        -5.91408e+01
         6.71844e+00        -3.32576e+00        -3.90409e+01
         6.72153e+00        -8.60086e+01        -8.44786e+01
         6.72458e+00         6.95461e+00        -3.37861e+01
         6.72767e+00        -1.10783e+01        -5.91114e+01
         6.73075e+00        -1.38977e+02        -1.15502e+02
         6.73383e+00        -2.91678e+01         1.17407e+01
         6.73692e+00        -4.38993e+00        -1.88117e+01
         6.74000e+00        -3.02581e+01        -8.51389e+01
         6.74308e+00        -2.08634e+01        -5.75516e+01
         6.74617e+00        -3.55582e+01        -6.95522e+01
         6.74925e+00        -4.62064e+01        -4.85403e+01
         6.75233e+00        -4.83935e+01        -6.70679e+00
         6.75539e+00         8.06170e+00        -8.88667e+00
         6.75847e+00        -1.23125e+01        -7.22250e+01
         6.76156e+00        -9.93365e+01        -6.62266e+01
         6.76464e+00        -5.49744e+01        -2.46674e+01
         6.76772e+00        -3.92178e+01        -1.34456e+01
         6.77081e+00        -3.56957e+01        -2.64506e+01
         6.77389e+00        -1.42626e+01        -5.02724e+01
         6.77697e+00        -5.39296e+01        -4.77216e+01
         6.78006e+00        -4.76634e+01        -6.01929e+01
         6.78314e+00        -1.97818e+01        -5.68447e+01
         6.78622e+00        -3.03940e+01        -3.06886e+01
         6.78928e+00        -2.64747e+01        -2.25320e+01
         6.79236e+00        -3.64426e-01        -3.96850e+01
         6.79544e+00        -4.28109e+00        -4.94764e+01
         6.79853e+00        -2.41217e+01        -6.47082e+01
         6.80161e+00        -2.69786e+01        -3.80174e+01
         6.80469e+00        -2.35064e+01        -4.52398e+01
         6.80778e+00        -1.66360e+01        -3.52375e+01
         6.81086e+00        -7.81852e+00        -5.32906e+01
         6.81394e+00        -1.36647e+01        -6.70120e+01
         6.81703e+00        -1.77953e+01        -5.84056e+01
         6.82008e+00        -2.03886e+01        -5.04967e+01
         6.82317e+00        -1.16789e+01        -4.14993e+01
         6.82625e+00        -3.07103e+00        -5.35730e+01
         6.82933e+00        -7.20118e+00        -5.92542e+01
         6.83242e+00        -1.27369e+01        -5.33921e+01
         6.83550e+00        -7.86111e+00        -4.60561e+01
         6.83858e+00        -9.68403e+00        -3.82794e+01
         6.84167e+00        -1.58561e+01        -2.29024e+01
         6.84475e+00        -3.87056e+00        -3.72043e+01
         6.84783e+00        -1.92479e+00        -5.01256e+01
         6.85092e+00        -4.12685e+00        -4.39529e+01
         6.85397e+00        -5.30407e+00        -4.29172e+01
         6.85706e+00        -9.42551e-01        -3.51801e+01
         6.86014e+00         4.94033e+00        -2.59972e+01
         6.86322e+00         9.06512e+00        -3.43292e+01
         6.86631e+00        -1.42608e+00        -3.47041e+01
         6.86939e+00        -1.68644e+01        -3.70918e+01
         6.87247e+00        -1.25818e+01        -3.84129e+01
         6.87556e+00        -9.56204e+00        -3.18684e+01
         6.87864e+00        -1.02541e+00        -4.30986e+01
         6.88172e+00        -8.31145e+00        -6.18717e+01
         6.88478e+00        -1.24333e+01        -3.63837e+01
         6.88786e+00         6.70139e+00        -2.30727e+01
         6.89094e+00         1.41091e+01        -2.98529e+01
         6.89403e+00        -1.04912e+01        -5.74606e+01
         6.89711e+00        -1.28505e+01        -4.33467e+01
         6.90019e+00        -7.58598e+00        -4.45562e+01
         6.90328e+00         6.32039e+00        -2.82690e+01
         6.90636e+00        -1.26228e+01        -6.72095e+01
         6.90944e+00        -5.13932e+01        -4.97533e+01
         6.91253e+00         3.40275e+01         3.59113e+00
         6.91561e+00         1.66315e+01        -8.45371e+01
         6.91867e+00        -3.04620e+01        -6.50710e+01
         6.92175e+00        -3.19338e+00        -3.84397e+01
         6.92483e+00         1.82954e+01        -3.36479e+01
         6.92792e+00         3.31230e+01        -4.02941e+01
         6.93100e+00         1.24832e+01        -6.95079e+01
         6.93408e+00        -1.93150e+01        -8.71211e+01
         6.93717e+00        -3.46193e+01        -3.85965e+01
         6.94025e+00         1.35032e+01        -2.78032e+01
         6.94333e+00         3.21956e+01        -3.80774e+01
         6.94642e+00         8.53652e+00        -7.61967e+01
         6.94947e+00        -1.13104e+01        -6.86501e+01
         6.95256e+00        -6.30198e+00        -5.52172e+01
         6.95564e+00         1.67469e+01        -4.09524e+01
         6.95872e+00         2.01858e+01        -5.97426e+01
         6.96181e+00         6.68195e+00        -7.14226e+01
         6.96489e+00        -4.34369e+00        -7.02662e+01
         6.96797e+00         1.09405e+01        -5.11572e+01
         6.97106e+00         1.55951e+01        -6.75017e+01
         6.97414e+00         2.36257e+01        -8.25770e+01
         6.97722e+00         1.00460e+01        -9.16514e+01
         6.98028e+00         7.86432e+00        -8.50142e+01
         6.98336e+00         1.42338e+01        -8.81271e+01
         6.98644e+00         1.32529e+01        -8.10249e+01
         6.98953e+00         8.54899e+00        -8.43333e+01
         6.99261e+00         8.67637e+00        -8.04337e+01
         6.99569e+00         5.29668e+00        -8.25115e+01
         6.99878e+00        -1.38315e+01        -1.05150e+02
