         5.00097e+00        -6.89928e+00
         5.00405e+00        -6.85098e+00
         5.00713e+00        -6.82217e+00
         5.01021e+00        -6.97612e+00
         5.01329e+00        -7.01915e+00
         5.01637e+00        -6.93820e+00
         5.01945e+00        -6.78012e+00
         5.02253e+00        -6.65080e+00
         5.02561e+00        -6.64714e+00
         5.02869e+00        -6.69376e+00
         5.03177e+00        -6.73536e+00
         5.03486e+00        -6.95382e+00
         5.03794e+00        -6.83854e+00
         5.04102e+00        -6.72134e+00
         5.04410e+00        -6.68484e+00
         5.04718e+00        -6.72054e+00
         5.05026e+00        -6.75758e+00
         5.05334e+00        -6.74784e+00
         5.05642e+00        -6.76973e+00
         5.05950e+00        -6.74363e+00
         5.06258e+00        -6.58938e+00
         5.06566e+00        -6.60547e+00
         5.06874e+00        -6.68983e+00
         5.07182e+00        -6.79390e+00
         5.07490e+00        -6.72423e+00
         5.07798e+00        -6.69312e+00
         5.08107e+00        -6.71640e+00
         5.08415e+00        -6.73630e+00
         5.08723e+00        -6.70503e+00
         5.09031e+00        -6.74807e+00
         5.09339e+00        -6.75149e+00
         5.09647e+00        -6.78596e+00
         5.09955e+00        -6.87192e+00
         5.10263e+00        -6.85821e+00
         5.10571e+00        -6.78437e+00
         5.10879e+00        -6.82543e+00
         5.11187e+00        -6.85468e+00
         5.11495e+00        -6.86801e+00
         5.11803e+00        -6.81803e+00
         5.12111e+00        -6.77843e+00
         5.12419e+00        -6.84365e+00
         5.12727e+00        -6.84744e+00
         5.13036e+00        -6.77810e+00
         5.13344e+00        -6.72252e+00
         5.13652e+00        -6.75535e+00
         5.13960e+00        -6.75674e+00
         5.14268e+00        -6.76726e+00
         5.14576e+00        -6.75409e+00
         5.14884e+00        -6.71775e+00
         5.15192e+00        -6.54751e+00
         5.15500e+00        -6.54080e+00
         5.15808e+00        -6.57930e+00
         5.16116e+00        -6.60477e+00
         5.16424e+00        -6.70771e+00
         5.16732e+00        -6.69933e+00
         5.17040e+00        -6.68168e+00
         5.17348e+00        -6.73468e+00
         5.17657e+00        -6.69760e+00
         5.17965e+00        -6.68221e+00
         5.18273e+00        -6.69785e+00
         5.18581e+00        -6.68840e+00
         5.18889e+00        -6.66721e+00
         5.19197e+00        -6.64454e+00
         5.19505e+00        -6.63058e+00
         5.19813e+00        -6.61977e+00
         5.20121e+00        -6.62112e+00
         5.20429e+00        -6.63385e+00
         5.20737e+00        -6.64484e+00
         5.21045e+00        -6.62681e+00
         5.21353e+00        -6.62808e+00
         5.21661e+00        -6.59855e+00
         5.21969e+00        -6.57905e+00
         5.22278e+00        -6.59816e+00
         5.22586e+00        -6.62831e+00
         5.22894e+00        -6.66829e+00
         5.23202e+00        -6.66174e+00
         5.23510e+00        -6.67617e+00
         5.23818e+00        -6.66636e+00
         5.24126e+00        -6.58709e+00
         5.24434e+00        -6.57187e+00
         5.24742e+00        -6.56844e+00
         5.25050e+00        -6.56046e+00
         5.25358e+00        -6.55750e+00
         5.25666e+00        -6.62958e+00
         5.25974e+00        -6.70828e+00
         5.26282e+00        -6.77073e+00
         5.26590e+00        -6.72828e+00
         5.26899e+00        -6.61697e+00
         5.27207e+00        -6.61881e+00
         5.27515e+00        -6.73940e+00
         5.27823e+00        -6.78472e+00
         5.28131e+00        -6.76541e+00
         5.28439e+00        -6.79786e+00
         5.28747e+00        -6.76989e+00
         5.29055e+00        -6.75498e+00
         5.29363e+00        -6.74532e+00
         5.29671e+00        -6.78570e+00
         5.29979e+00        -6.77475e+00
         5.30287e+00        -6.74535e+00
         5.30595e+00        -6.70770e+00
         5.30903e+00        -6.73405e+00
         5.31211e+00        -6.73779e+00
         5.31520e+00        -6.69472e+00
         5.31828e+00        -6.76023e+00
         5.32136e+00        -6.78581e+00
         5.32444e+00        -6.71568e+00
         5.32752e+00        -6.66188e+00
         5.33060e+00        -6.63435e+00
         5.33368e+00        -6.68702e+00
         5.33676e+00        -6.69233e+00
         5.33984e+00        -6.62675e+00
         5.34292e+00        -6.58572e+00
         5.34600e+00        -6.56740e+00
         5.34908e+00        -6.54441e+00
         5.35216e+00        -6.54539e+00
         5.35524e+00        -6.55779e+00
         5.35832e+00        -6.59819e+00
         5.36140e+00        -6.61382e+00
         5.36449e+00        -6.64249e+00
         5.36757e+00        -6.62026e+00
         5.37065e+00        -6.61022e+00
         5.37373e+00        -6.61654e+00
         5.37681e+00        -6.57823e+00
         5.37989e+00        -6.56330e+00
         5.38297e+00        -6.56384e+00
         5.38605e+00        -6.59211e+00
         5.38913e+00        -6.56072e+00
         5.39221e+00        -6.54813e+00
         5.39529e+00        -6.52225e+00
         5.39837e+00        -6.49259e+00
         5.40145e+00        -6.47060e+00
         5.40453e+00        -6.47545e+00
         5.40761e+00        -6.42695e+00
         5.41070e+00        -6.42744e+00
         5.41378e+00        -6.42922e+00
         5.41686e+00        -6.37035e+00
         5.41994e+00        -6.36961e+00
         5.42302e+00        -6.42294e+00
         5.42610e+00        -6.39629e+00
         5.42918e+00        -6.42117e+00
         5.43226e+00        -6.36863e+00
         5.43534e+00        -6.32296e+00
         5.43842e+00        -6.29592e+00
         5.44150e+00        -6.40168e+00
         5.44458e+00        -6.54878e+00
         5.44766e+00        -6.52889e+00
         5.45074e+00        -6.46211e+00
         5.45382e+00        -6.42642e+00
         5.45691e+00        -6.45431e+00
         5.45999e+00        -6.45440e+00
         5.46307e+00        -6.48002e+00
         5.46615e+00        -6.50443e+00
         5.46923e+00        -6.53748e+00
         5.47231e+00        -6.52241e+00
         5.47539e+00        -6.51388e+00
         5.47847e+00        -6.54217e+00
         5.48155e+00        -6.53769e+00
         5.48463e+00        -6.54058e+00
         5.48771e+00        -6.54575e+00
         5.49079e+00        -6.54426e+00
         5.49387e+00        -6.52167e+00
         5.49695e+00        -6.50720e+00
         5.50003e+00        -6.50554e+00
         5.50312e+00        -6.49309e+00
         5.50620e+00        -6.49890e+00
         5.50928e+00        -6.45810e+00
         5.51236e+00        -6.43531e+00
         5.51544e+00        -6.45682e+00
         5.51852e+00        -6.44890e+00
         5.52160e+00        -6.46421e+00
         5.52468e+00        -6.46326e+00
         5.52776e+00        -6.46770e+00
         5.53084e+00        -6.44304e+00
         5.53392e+00        -6.44594e+00
         5.53700e+00        -6.44364e+00
         5.54008e+00        -6.47870e+00
         5.54316e+00        -6.47025e+00
         5.54624e+00        -6.43265e+00
         5.54932e+00        -6.46719e+00
         5.55241e+00        -6.47512e+00
         5.55549e+00        -6.47407e+00
         5.55857e+00        -6.49962e+00
         5.56165e+00        -6.47698e+00
         5.56473e+00        -6.48384e+00
         5.56781e+00        -6.49022e+00
         5.57089e+00        -6.46791e+00
         5.57397e+00        -6.45475e+00
         5.57705e+00        -6.45142e+00
         5.58013e+00        -6.45425e+00
         5.58321e+00        -6.44413e+00
         5.58629e+00        -6.47240e+00
         5.58937e+00        -6.45285e+00
         5.59245e+00        -6.43954e+00
         5.59553e+00        -6.49234e+00
         5.59862e+00        -6.50158e+00
         5.60170e+00        -6.49818e+00
         5.60478e+00        -6.51808e+00
         5.60786e+00        -6.53321e+00
         5.61094e+00        -6.53098e+00
         5.61402e+00        -6.50454e+00
         5.61710e+00        -6.51820e+00
         5.62018e+00        -6.50694e+00
         5.62326e+00        -6.49881e+00
         5.62634e+00        -6.49519e+00
         5.62942e+00        -6.51577e+00
         5.63250e+00        -6.53533e+00
         5.63558e+00        -6.51833e+00
         5.63866e+00        -6.53845e+00
         5.64174e+00        -6.55327e+00
         5.64483e+00        -6.56901e+00
         5.64791e+00        -6.54239e+00
         5.65099e+00        -6.51946e+00
         5.65407e+00        -6.53115e+00
         5.65715e+00        -6.56526e+00
         5.66023e+00        -6.58369e+00
         5.66331e+00        -6.52904e+00
         5.66639e+00        -6.53474e+00
         5.66947e+00        -6.54343e+00
         5.67255e+00        -6.55138e+00
         5.67563e+00        -6.55230e+00
         5.67871e+00        -6.55741e+00
         5.68179e+00        -6.55707e+00
         5.68487e+00        -6.55366e+00
         5.68795e+00        -6.55045e+00
         5.69104e+00        -6.54056e+00
         5.69412e+00        -6.57885e+00
         5.69720e+00        -6.59177e+00
         5.70028e+00        -6.58570e+00
         5.70336e+00        -6.62429e+00
         5.70644e+00        -6.64218e+00
         5.70952e+00        -6.64361e+00
         5.71260e+00        -6.63425e+00
         5.71568e+00        -6.62868e+00
         5.71876e+00        -6.62507e+00
         5.72184e+00        -6.64294e+00
         5.72492e+00        -6.67005e+00
         5.72800e+00        -6.68870e+00
         5.73108e+00        -6.66237e+00
         5.73416e+00        -6.58963e+00
         5.73724e+00        -6.55056e+00
         5.74033e+00        -6.51551e+00
         5.74341e+00        -6.53815e+00
         5.74649e+00        -6.52534e+00
         5.74957e+00        -6.39901e+00
         5.75265e+00        -6.42573e+00
         5.75573e+00        -6.42594e+00
         5.75881e+00        -6.39134e+00
         5.76189e+00        -6.36011e+00
         5.76497e+00        -6.38360e+00
         5.76805e+00        -6.37030e+00
         5.77113e+00        -6.41600e+00
         5.77421e+00        -6.46348e+00
         5.77729e+00        -6.45512e+00
         5.78037e+00        -6.48525e+00
         5.78345e+00        -6.52543e+00
         5.78654e+00        -6.48561e+00
         5.78962e+00        -6.45082e+00
         5.79270e+00        -6.41516e+00
         5.79578e+00        -6.40092e+00
         5.79886e+00        -6.48817e+00
         5.80194e+00        -6.40025e+00
         5.80502e+00        -6.40094e+00
         5.80810e+00        -6.43985e+00
         5.81118e+00        -6.47464e+00
         5.81426e+00        -6.42872e+00
         5.81734e+00        -6.40823e+00
         5.82042e+00        -6.47532e+00
         5.82350e+00        -6.50411e+00
         5.82658e+00        -6.58174e+00
         5.82966e+00        -6.65172e+00
         5.83275e+00        -6.68581e+00
         5.83583e+00        -6.70253e+00
         5.83891e+00        -6.68821e+00
         5.84199e+00        -6.73919e+00
         5.84507e+00        -6.72318e+00
         5.84815e+00        -6.62693e+00
         5.85123e+00        -6.59040e+00
         5.85431e+00        -6.54627e+00
         5.85739e+00        -6.37226e+00
         5.86047e+00        -6.38644e+00
         5.86355e+00        -6.40649e+00
         5.86663e+00        -6.39464e+00
         5.86971e+00        -6.39875e+00
         5.87279e+00        -6.43940e+00
         5.87587e+00        -6.50914e+00
         5.87896e+00        -6.62831e+00
         5.88204e+00        -6.64543e+00
         5.88512e+00        -6.63253e+00
         5.88820e+00        -6.50477e+00
         5.89128e+00        -6.49263e+00
         5.89436e+00        -6.54578e+00
         5.89744e+00        -6.53144e+00
         5.90052e+00        -6.56345e+00
         5.90360e+00        -6.55974e+00
         5.90668e+00        -6.58059e+00
         5.90976e+00        -6.59575e+00
         5.91284e+00        -6.58769e+00
         5.91592e+00        -6.59232e+00
         5.91900e+00        -6.61034e+00
         5.92208e+00        -6.64103e+00
         5.92516e+00        -6.62463e+00
         5.92825e+00        -6.64556e+00
         5.93133e+00        -6.63979e+00
         5.93441e+00        -6.63387e+00
         5.93749e+00        -6.61741e+00
         5.94057e+00        -6.59449e+00
         5.94365e+00        -6.57881e+00
         5.94673e+00        -6.57111e+00
         5.94981e+00        -6.46791e+00
         5.95289e+00        -6.41026e+00
         5.95597e+00        -6.42265e+00
         5.95905e+00        -6.41345e+00
         5.96213e+00        -6.39736e+00
         5.96521e+00        -6.36758e+00
         5.96829e+00        -6.36914e+00
         5.97137e+00        -6.33116e+00
         5.97446e+00        -6.25627e+00
         5.97754e+00        -6.30133e+00
         5.98062e+00        -6.34752e+00
         5.98370e+00        -6.36965e+00
         5.98678e+00        -6.38280e+00
         5.98986e+00        -6.29505e+00
         5.99294e+00        -6.37385e+00
         5.99602e+00        -6.50886e+00
         5.99910e+00        -6.51030e+00
         6.00218e+00        -6.53816e+00
         6.00526e+00        -6.49296e+00
         6.00834e+00        -6.47561e+00
         6.01142e+00        -6.50185e+00
         6.01450e+00        -6.47589e+00
         6.01758e+00        -6.40531e+00
         6.02067e+00        -6.40355e+00
         6.02375e+00        -6.43897e+00
         6.02683e+00        -6.47256e+00
         6.02991e+00        -6.44928e+00
         6.03299e+00        -6.46916e+00
         6.03607e+00        -6.45226e+00
         6.03915e+00        -6.46863e+00
         6.04223e+00        -6.53423e+00
         6.04531e+00        -6.51846e+00
         6.04839e+00        -6.49599e+00
         6.05147e+00        -6.58762e+00
         6.05455e+00        -6.54049e+00
         6.05763e+00        -6.48383e+00
         6.06071e+00        -6.46526e+00
         6.06379e+00        -6.38856e+00
         6.06688e+00        -6.34454e+00
         6.06996e+00        -6.28877e+00
         6.07304e+00        -6.28897e+00
         6.07612e+00        -6.30222e+00
         6.07920e+00        -6.39258e+00
         6.08228e+00        -6.44445e+00
         6.08536e+00        -6.45656e+00
         6.08844e+00        -6.67048e+00
         6.09152e+00        -6.65214e+00
         6.09460e+00        -6.68629e+00
         6.09768e+00        -6.65707e+00
         6.10076e+00        -6.57888e+00
         6.10384e+00        -6.47569e+00
         6.10692e+00        -6.44062e+00
         6.11000e+00        -6.44866e+00
         6.11308e+00        -6.43052e+00
         6.11617e+00        -6.45208e+00
         6.11925e+00        -6.45523e+00
         6.12233e+00        -6.40837e+00
         6.12541e+00        -6.41141e+00
         6.12849e+00        -6.48079e+00
         6.13157e+00        -6.60984e+00
         6.13465e+00        -6.62434e+00
         6.13773e+00        -6.50073e+00
         6.14081e+00        -6.23003e+00
         6.14389e+00        -6.13813e+00
         6.14697e+00        -6.18170e+00
         6.15005e+00        -6.28817e+00
         6.15313e+00        -6.28944e+00
         6.15621e+00        -6.44866e+00
         6.15929e+00        -6.35683e+00
         6.16238e+00        -6.18438e+00
         6.16546e+00        -6.11523e+00
         6.16854e+00        -6.15366e+00
         6.17162e+00        -6.26333e+00
         6.17470e+00        -6.19524e+00
         6.17778e+00        -6.10001e+00
         6.18086e+00        -5.79666e+00
         6.18394e+00        -6.13067e+00
         6.18702e+00        -6.31120e+00
         6.19010e+00        -6.05041e+00
         6.19318e+00        -6.00044e+00
         6.19626e+00        -6.05356e+00
         6.19934e+00        -6.10901e+00
         6.20242e+00        -6.16399e+00
         6.20550e+00        -6.12272e+00
         6.20859e+00        -6.07922e+00
         6.21167e+00        -5.92855e+00
         6.21475e+00        -6.01403e+00
         6.21783e+00        -5.87489e+00
         6.22091e+00        -5.85102e+00
         6.22399e+00        -5.84548e+00
         6.22707e+00        -5.85332e+00
         6.23015e+00        -5.76245e+00
         6.23323e+00        -5.77887e+00
         6.23631e+00        -5.88109e+00
         6.23939e+00        -6.01553e+00
         6.24247e+00        -5.79356e+00
         6.24555e+00        -5.67361e+00
         6.24863e+00        -5.55519e+00
         6.25171e+00        -5.51615e+00
         6.25480e+00        -5.69224e+00
         6.25788e+00        -5.98763e+00
         6.26096e+00        -6.19612e+00
         6.26404e+00        -5.64292e+00
         6.26712e+00        -5.41867e+00
         6.27020e+00        -5.44427e+00
         6.27328e+00        -5.40781e+00
         6.27636e+00        -5.44546e+00
         6.27944e+00        -5.41015e+00
         6.28252e+00        -5.40217e+00
         6.28560e+00        -5.37724e+00
         6.28868e+00        -5.40625e+00
         6.29176e+00        -5.41946e+00
         6.29484e+00        -5.39178e+00
         6.29792e+00        -5.32349e+00
         6.30101e+00        -5.36651e+00
         6.30409e+00        -5.41259e+00
         6.30717e+00        -5.43419e+00
         6.31025e+00        -5.27097e+00
         6.31333e+00        -4.93587e+00
         6.31641e+00        -4.93422e+00
         6.31949e+00        -4.92754e+00
         6.32257e+00        -4.85400e+00
         6.32565e+00        -4.83405e+00
         6.32873e+00        -4.77885e+00
         6.33181e+00        -4.03943e+00
         6.33489e+00        -3.50544e+00
         6.33797e+00        -3.56051e+00
         6.34105e+00        -3.20003e+00
         6.34413e+00        -2.72746e+00
         6.34721e+00        -2.60420e+00
         6.35030e+00        -2.49069e+00
         6.35338e+00        -2.51876e+00
         6.35646e+00        -2.43236e+00
         6.35954e+00        -2.36372e+00
         6.36262e+00        -2.27720e+00
         6.36570e+00        -2.25712e+00
         6.36878e+00        -2.13647e+00
         6.37186e+00        -2.17335e+00
         6.37494e+00        -2.22550e+00
         6.37802e+00        -2.31547e+00
         6.38110e+00        -2.31837e+00
         6.38418e+00        -2.33418e+00
         6.38726e+00        -2.25352e+00
         6.39034e+00        -2.19275e+00
         6.39342e+00        -2.10951e+00
         6.39651e+00        -2.07017e+00
         6.39959e+00        -2.18442e+00
         6.40267e+00        -2.40921e+00
         6.40575e+00        -2.46255e+00
         6.40883e+00        -2.43651e+00
         6.41191e+00        -2.23603e+00
         6.41499e+00        -1.92098e+00
         6.41807e+00        -1.84302e+00
         6.42115e+00        -2.06531e+00
         6.42423e+00        -1.79661e+00
         6.42731e+00        -1.72037e+00
         6.43039e+00        -1.98713e+00
         6.43347e+00        -1.60400e+00
         6.43655e+00        -1.51036e+00
         6.43963e+00        -1.44152e+00
         6.44272e+00        -1.34787e+00
         6.44580e+00        -1.28880e+00
         6.44888e+00        -1.18735e+00
         6.45196e+00        -1.18384e+00
         6.45504e+00        -1.27018e+00
         6.45812e+00        -1.28226e+00
         6.46120e+00        -1.16565e+00
         6.46428e+00        -1.14308e+00
         6.46736e+00        -1.16595e+00
         6.47044e+00        -1.15202e+00
         6.47352e+00        -1.11019e+00
         6.47660e+00        -1.10173e+00
         6.47968e+00        -1.11774e+00
         6.48276e+00        -1.09946e+00
         6.48584e+00        -1.06219e+00
         6.48893e+00        -1.06884e+00
         6.49201e+00        -1.07233e+00
         6.49509e+00        -1.07420e+00
         6.49817e+00        -1.06250e+00
         6.50125e+00        -1.06568e+00
         6.50433e+00        -1.10506e+00
         6.50741e+00        -1.13457e+00
         6.51049e+00        -1.13389e+00
         6.51357e+00        -1.13340e+00
         6.51665e+00        -1.12273e+00
         6.51973e+00        -1.12069e+00
         6.52281e+00        -1.12226e+00
         6.52589e+00        -1.12424e+00
         6.52897e+00        -1.12246e+00
         6.53205e+00        -1.11591e+00
         6.53514e+00        -1.11330e+00
         6.53822e+00        -1.10726e+00
         6.54130e+00        -1.02492e+00
         6.54438e+00        -1.09645e+00
         6.54746e+00        -1.07856e+00
         6.55054e+00        -1.03311e+00
         6.55362e+00        -9.66632e-01
         6.55670e+00        -9.34409e-01
         6.55978e+00        -9.56591e-01
         6.56286e+00        -9.53655e-01
         6.56594e+00        -9.57116e-01
         6.56902e+00        -9.22480e-01
         6.57210e+00        -8.87069e-01
         6.57518e+00        -9.07964e-01
         6.57826e+00        -9.08298e-01
         6.58135e+00        -8.57537e-01
         6.58443e+00        -8.52791e-01
         6.58751e+00        -8.30169e-01
         6.59059e+00        -8.81046e-01
         6.59367e+00        -8.74756e-01
         6.59675e+00        -8.60086e-01
         6.59983e+00        -8.23038e-01
         6.60291e+00        -7.97979e-01
         6.60599e+00        -8.44385e-01
         6.60907e+00        -7.79281e-01
         6.61215e+00        -7.58015e-01
         6.61523e+00        -7.71801e-01
         6.61831e+00        -7.90084e-01
         6.62139e+00        -8.00851e-01
         6.62447e+00        -8.07035e-01
         6.62756e+00        -7.85260e-01
         6.63064e+00        -7.63855e-01
         6.63372e+00        -7.70256e-01
         6.63680e+00        -7.57378e-01
         6.63988e+00        -7.63166e-01
         6.64296e+00        -7.58803e-01
         6.64604e+00        -7.53251e-01
         6.64912e+00        -7.49577e-01
         6.65220e+00        -7.52314e-01
         6.65528e+00        -7.58471e-01
         6.65836e+00        -7.57400e-01
         6.66144e+00        -7.58909e-01
         6.66452e+00        -7.71790e-01
         6.66760e+00        -7.63941e-01
         6.67068e+00        -7.60925e-01
         6.67376e+00        -7.69168e-01
         6.67685e+00        -7.63025e-01
         6.67993e+00        -7.75440e-01
         6.68301e+00        -7.62243e-01
         6.68609e+00        -7.53661e-01
         6.68917e+00        -7.55967e-01
         6.69225e+00        -7.54238e-01
         6.69533e+00        -7.53941e-01
         6.69841e+00        -7.58385e-01
         6.70149e+00        -7.80235e-01
         6.70457e+00        -7.79870e-01
         6.70765e+00        -7.58909e-01
         6.71073e+00        -7.64182e-01
         6.71381e+00        -7.73435e-01
         6.71689e+00        -7.85088e-01
         6.71997e+00        -7.94621e-01
         6.72306e+00        -8.12326e-01
         6.72614e+00        -8.27072e-01
         6.72922e+00        -8.55431e-01
         6.73230e+00        -8.59476e-01
         6.73538e+00        -8.63534e-01
         6.73846e+00        -8.67245e-01
         6.74154e+00        -8.74612e-01
         6.74462e+00        -8.76985e-01
         6.74770e+00        -8.79020e-01
         6.75078e+00        -8.74084e-01
         6.75386e+00        -8.70770e-01
         6.75694e+00        -8.61562e-01
         6.76002e+00        -8.59648e-01
         6.76310e+00        -8.56013e-01
         6.76618e+00        -8.55018e-01
         6.76927e+00        -8.59903e-01
         6.77235e+00        -8.55565e-01
         6.77543e+00        -8.54321e-01
         6.77851e+00        -8.53265e-01
         6.78159e+00        -8.49478e-01
         6.78467e+00        -8.38889e-01
         6.78775e+00        -8.35955e-01
         6.79083e+00        -8.40344e-01
         6.79391e+00        -8.39877e-01
         6.79699e+00        -8.36659e-01
         6.80007e+00        -8.34134e-01
         6.80315e+00        -8.30937e-01
         6.80623e+00        -8.27018e-01
         6.80931e+00        -8.22844e-01
         6.81239e+00        -8.18372e-01
         6.81548e+00        -8.14138e-01
         6.81856e+00        -8.08975e-01
         6.82164e+00        -8.05619e-01
         6.82472e+00        -8.06917e-01
         6.82780e+00        -8.03112e-01
         6.83088e+00        -7.98414e-01
         6.83396e+00        -7.95054e-01
         6.83704e+00        -7.92240e-01
         6.84012e+00        -7.88683e-01
         6.84320e+00        -7.85667e-01
         6.84628e+00        -7.83080e-01
         6.84936e+00        -7.81070e-01
         6.85244e+00        -7.78694e-01
         6.85552e+00        -7.76291e-01
         6.85860e+00        -7.73640e-01
         6.86169e+00        -7.70087e-01
         6.86477e+00        -7.66538e-01
         6.86785e+00        -7.63769e-01
         6.87093e+00        -7.61150e-01
         6.87401e+00        -7.59027e-01
         6.87709e+00        -7.56853e-01
         6.88017e+00        -7.52368e-01
         6.88325e+00        -7.49363e-01
         6.88633e+00        -7.46753e-01
         6.88941e+00        -7.44251e-01
         6.89249e+00        -7.45094e-01
         6.89557e+00        -7.46309e-01
         6.89865e+00        -7.47443e-01
         6.90173e+00        -7.46883e-01
         6.90481e+00        -7.47423e-01
         6.90790e+00        -7.48909e-01
         6.91098e+00        -7.50231e-01
         6.91406e+00        -7.48057e-01
         6.91714e+00        -7.49448e-01
         6.92022e+00        -7.49006e-01
         6.92330e+00        -7.47798e-01
         6.92638e+00        -7.47195e-01
         6.92946e+00        -7.49717e-01
         6.93254e+00        -7.51216e-01
         6.93562e+00        -7.53618e-01
         6.93870e+00        -7.53231e-01
         6.94178e+00        -7.52831e-01
         6.94486e+00        -7.52149e-01
         6.94794e+00        -7.51721e-01
         6.95102e+00        -7.51506e-01
         6.95411e+00        -7.47680e-01
         6.95719e+00        -7.48227e-01
         6.96027e+00        -7.48844e-01
         6.96335e+00        -7.46366e-01
         6.96643e+00        -7.42965e-01
         6.96951e+00        -7.37324e-01
         6.97259e+00        -7.32828e-01
         6.97567e+00        -7.29954e-01
         6.97875e+00        -7.28403e-01
         6.98183e+00        -7.26139e-01
         6.98491e+00        -7.25960e-01
         6.98799e+00        -7.24005e-01
         6.99107e+00        -7.23305e-01
         6.99415e+00        -7.21084e-01
         6.99724e+00        -7.19652e-01
