         9.50078e+00        -4.33103e+01        -7.25996e+00
         9.50381e+00        -4.28618e+01        -8.77190e+00
         9.50681e+00        -4.13969e+01        -1.41252e+01
         9.50983e+00        -4.09601e+01        -1.89672e+01
         9.51286e+00        -3.95331e+01        -2.42709e+01
         9.51589e+00        -3.76349e+01        -2.46850e+01
         9.51892e+00        -3.56567e+01        -2.60252e+01
         9.52194e+00        -3.40594e+01        -2.74777e+01
         9.52494e+00        -3.18907e+01        -2.53944e+01
         9.52797e+00        -2.96014e+01        -2.45904e+01
         9.53100e+00        -2.80920e+01        -2.46200e+01
         9.53403e+00        -2.80952e+01        -2.47668e+01
         9.53706e+00        -2.67259e+01        -2.32321e+01
         9.54006e+00        -2.51778e+01        -1.77891e+01
         9.54308e+00        -2.34402e+01        -1.42205e+01
         9.54611e+00        -2.50515e+01        -1.06641e+01
         9.54914e+00        -2.48225e+01        -9.27471e+00
         9.55217e+00        -2.48271e+01        -5.58535e+00
         9.55519e+00        -2.46092e+01        -3.86446e+00
         9.55819e+00        -2.34385e+01        -4.88144e+00
         9.56122e+00        -2.26906e+01        -7.38194e+00
         9.56425e+00        -2.02954e+01        -4.50289e+00
         9.56728e+00        -1.88182e+01        -3.50432e+00
         9.57031e+00        -1.70748e+01        -3.83172e+00
         9.57333e+00        -1.60657e+01        -4.75048e+00
         9.57633e+00        -1.65097e+01        -4.59701e+00
         9.57936e+00        -1.58810e+01        -4.16321e+00
         9.58239e+00        -1.58417e+01        -1.85506e+00
         9.58542e+00        -1.54596e+01        -4.95108e+00
         9.58844e+00        -1.52047e+01        -3.62977e+00
         9.59147e+00        -1.47854e+01        -5.13365e+00
         9.59447e+00        -1.39601e+01        -3.74230e+00
         9.59750e+00        -1.47591e+01        -1.80912e+00
         9.60053e+00        -1.53585e+01        -1.56187e+00
         9.60356e+00        -1.58362e+01        -7.17832e-01
         9.60658e+00        -1.57657e+01        -5.95311e-01
         9.60958e+00        -1.60643e+01         5.24884e-01
         9.61261e+00        -1.69643e+01         2.47745e+00
         9.61564e+00        -1.71437e+01         3.44984e+00
         9.61867e+00        -1.73107e+01         3.70798e+00
         9.62169e+00        -1.76152e+01         6.57875e+00
         9.62472e+00        -1.69880e+01         4.48053e+00
         9.62772e+00        -1.48866e+01         3.14075e+00
         9.63075e+00        -1.43670e+01         3.15264e+00
         9.63378e+00        -1.28373e+01         4.00100e-01
         9.63681e+00        -1.22587e+01        -2.13330e+00
         9.63983e+00        -1.13292e+01        -5.28224e+00
         9.64286e+00        -1.13293e+01        -8.18789e+00
         9.64586e+00        -9.38383e+00        -1.07096e+01
         9.64889e+00        -8.83498e+00        -1.58078e+01
         9.65192e+00        -9.43152e+00        -1.62700e+01
         9.65494e+00        -9.80324e+00        -1.44019e+01
         9.65797e+00        -9.93910e+00        -1.60108e+01
         9.66097e+00        -8.17767e+00        -1.78475e+01
         9.66400e+00        -7.96801e+00        -1.72569e+01
         9.66703e+00        -8.62008e+00        -1.37575e+01
         9.67006e+00        -8.69215e+00        -1.56516e+01
         9.67308e+00        -9.18229e+00        -1.41408e+01
         9.67611e+00        -9.77423e+00        -1.49832e+01
         9.67911e+00        -9.56249e+00        -1.60775e+01
         9.68214e+00        -9.22976e+00        -1.68440e+01
         9.68517e+00        -9.64797e+00        -1.97486e+01
         9.68819e+00        -1.11497e+01        -2.13127e+01
         9.69122e+00        -1.06268e+01        -2.53317e+01
         9.69425e+00        -8.84646e+00        -2.88566e+01
         9.69725e+00        -1.01218e+01        -2.95426e+01
         9.70028e+00        -1.09278e+01        -3.42009e+01
         9.70331e+00        -9.35199e+00        -3.35036e+01
         9.70633e+00        -7.86728e+00        -3.29704e+01
         9.70936e+00        -8.81982e+00        -3.25626e+01
         9.71236e+00        -7.41949e+00        -2.73917e+01
         9.71539e+00        -8.41934e+00        -2.92701e+01
         9.71842e+00        -7.94857e+00        -2.74023e+01
         9.72144e+00        -9.92723e+00        -2.94625e+01
         9.72447e+00        -1.18066e+01        -2.72610e+01
         9.72750e+00        -1.23095e+01        -2.77501e+01
         9.73050e+00        -1.28320e+01        -2.38185e+01
         9.73353e+00        -1.65501e+01        -3.29068e+01
         9.73656e+00        -1.42086e+01        -3.72798e+01
         9.73958e+00        -1.59916e+01        -3.58092e+01
         9.74261e+00        -2.10648e+01        -3.60881e+01
         9.74564e+00        -2.47139e+01        -3.69903e+01
         9.74864e+00        -2.58410e+01        -4.03445e+01
         9.75167e+00        -2.70682e+01        -4.08635e+01
         9.75469e+00        -2.90135e+01        -3.73736e+01
         9.75772e+00        -3.02792e+01        -4.16845e+01
         9.76075e+00        -2.93983e+01        -4.08449e+01
         9.76375e+00        -3.09023e+01        -4.23480e+01
         9.76678e+00        -3.04682e+01        -4.02043e+01
         9.76981e+00        -2.99360e+01        -4.50863e+01
         9.77283e+00        -3.05138e+01        -5.00341e+01
         9.77586e+00        -2.58541e+01        -5.52566e+01
         9.77889e+00        -2.07949e+01        -5.35607e+01
         9.78189e+00        -1.57251e+01        -6.29033e+01
         9.78492e+00        -1.23570e+01        -6.19643e+01
         9.78794e+00        -1.06230e+01        -5.96144e+01
         9.79097e+00        -1.05789e+01        -5.99701e+01
         9.79400e+00        -9.32065e+00        -6.39586e+01
         9.79703e+00        -1.22438e+01        -6.80669e+01
         9.80003e+00        -1.32175e+01        -6.93121e+01
         9.80306e+00        -1.25424e+01        -6.87394e+01
         9.80608e+00        -1.19991e+01        -6.56910e+01
         9.80911e+00        -1.34491e+01        -6.22416e+01
         9.81214e+00        -1.40608e+01        -5.93696e+01
         9.81517e+00        -1.07429e+01        -6.06098e+01
         9.81817e+00        -8.82341e+00        -5.23780e+01
         9.82119e+00        -8.39683e+00        -5.25698e+01
         9.82422e+00        -5.68581e+00        -5.54665e+01
         9.82725e+00        -3.27855e+00        -5.16897e+01
         9.83028e+00        -2.70040e-01        -4.79080e+01
         9.83328e+00         2.46640e+00        -4.34574e+01
         9.83631e+00         5.75896e+00        -4.02609e+01
         9.83933e+00         7.49423e+00        -3.93372e+01
         9.84236e+00         6.78055e+00        -3.78220e+01
         9.84539e+00         8.53138e+00        -3.86570e+01
         9.84842e+00         1.04409e+01        -3.78381e+01
         9.85142e+00         1.00975e+01        -3.28072e+01
         9.85444e+00         8.18176e+00        -3.45368e+01
         9.85747e+00         6.59623e+00        -3.64760e+01
         9.86050e+00         4.76474e+00        -3.83878e+01
         9.86353e+00         3.35650e+00        -3.56555e+01
         9.86656e+00         2.26801e+00        -3.56732e+01
         9.86956e+00         2.38201e+00        -3.79347e+01
         9.87258e+00         1.72993e+00        -3.76846e+01
         9.87561e+00        -2.21072e+00        -3.52302e+01
         9.87864e+00        -4.01942e+00        -3.78806e+01
         9.88167e+00        -6.07902e+00        -4.14521e+01
         9.88467e+00        -9.10487e+00        -4.16798e+01
         9.88769e+00        -7.57569e+00        -3.66438e+01
         9.89072e+00        -4.72642e+00        -3.54214e+01
         9.89375e+00        -3.36220e+00        -3.43071e+01
         9.89678e+00        -1.79192e+00        -3.36913e+01
         9.89981e+00        -2.50305e+00        -3.77458e+01
         9.90281e+00        -1.32369e+00        -3.85190e+01
         9.90583e+00        -9.48233e-01        -3.84001e+01
         9.90886e+00        -2.96309e+00        -4.10825e+01
         9.91189e+00        -4.70704e+00        -4.05886e+01
         9.91492e+00        -6.66788e+00        -4.10563e+01
         9.91794e+00        -6.33917e+00        -3.96729e+01
         9.92094e+00        -6.73057e+00        -3.82322e+01
         9.92397e+00        -7.21655e+00        -3.74787e+01
         9.92700e+00        -7.80476e+00        -3.53384e+01
         9.93003e+00        -8.27650e+00        -3.09416e+01
         9.93306e+00        -1.01044e+01        -3.34368e+01
         9.93606e+00        -1.08073e+01        -3.45585e+01
         9.93908e+00        -1.02316e+01        -3.72867e+01
         9.94211e+00        -7.70894e+00        -3.23910e+01
         9.94514e+00        -4.11726e+00        -3.26322e+01
         9.94817e+00        -1.20234e+00        -3.16468e+01
         9.95119e+00        -7.93591e-01        -2.94867e+01
         9.95419e+00         2.09543e-01        -3.21040e+01
         9.95722e+00        -1.63402e+00        -3.50497e+01
         9.96025e+00        -1.59772e+00        -3.48514e+01
         9.96328e+00        -1.73322e+00        -3.19087e+01
         9.96631e+00        -3.06397e+00        -3.39874e+01
         9.96933e+00        -2.55132e+00        -3.33660e+01
         9.97233e+00        -4.41477e+00        -3.56976e+01
         9.97536e+00        -2.81909e+00        -3.52283e+01
         9.97839e+00        -2.63279e+00        -3.72078e+01
         9.98142e+00        -1.57942e+00        -3.77565e+01
         9.98444e+00        -1.23803e+00        -3.38945e+01
         9.98744e+00        -1.85865e+00        -3.75026e+01
         9.99047e+00        -8.10390e-02        -3.49220e+01
         9.99350e+00         2.09856e+00        -2.89833e+01
         9.99653e+00         1.15024e+00        -2.89260e+01
         9.99956e+00         2.32585e+00        -2.62145e+01
         1.00026e+01         3.58336e+00        -2.48002e+01
         1.00056e+01         4.98641e+00        -2.23194e+01
         1.00086e+01         5.02332e+00        -2.04393e+01
         1.00116e+01         7.05195e+00        -1.69760e+01
         1.00147e+01         6.94468e+00        -1.39073e+01
         1.00177e+01         5.76510e+00        -1.50348e+01
         1.00207e+01         5.87490e+00        -1.25711e+01
         1.00237e+01         8.67206e+00        -1.50334e+01
         1.00268e+01         9.43472e+00        -1.37994e+01
         1.00298e+01         9.23144e+00        -1.21891e+01
         1.00328e+01         9.37261e+00        -1.23681e+01
         1.00358e+01         6.98201e+00        -1.39854e+01
         1.00388e+01         7.15301e+00        -1.03616e+01
         1.00419e+01         5.54144e+00        -9.76235e+00
         1.00449e+01         7.23958e+00        -9.81631e+00
         1.00479e+01         7.59622e+00        -7.72465e+00
         1.00509e+01         7.73934e+00        -9.75569e+00
         1.00540e+01         8.41412e+00        -1.42851e+01
         1.00570e+01         8.87179e+00        -1.27858e+01
         1.00600e+01         1.18320e+01        -1.10878e+01
         1.00630e+01         1.01577e+01        -1.27497e+01
         1.00661e+01         1.19757e+01        -1.04508e+01
         1.00691e+01         1.42705e+01        -1.21738e+01
         1.00721e+01         1.52902e+01        -1.10469e+01
         1.00751e+01         1.36923e+01        -8.92267e+00
         1.00781e+01         1.44047e+01        -4.85291e+00
         1.00812e+01         1.22028e+01        -9.70989e+00
         1.00842e+01         1.14184e+01        -9.83677e+00
         1.00872e+01         1.10710e+01        -9.70170e+00
         1.00902e+01         1.49395e+01        -6.46144e+00
         1.00932e+01         1.71582e+01        -4.96615e+00
         1.00963e+01         1.73941e+01        -5.91435e+00
         1.00993e+01         1.79515e+01        -1.07413e+01
         1.01023e+01         1.98561e+01        -6.32501e+00
         1.01054e+01         1.94173e+01        -4.45726e+00
         1.01084e+01         2.13732e+01        -4.70829e+00
         1.01114e+01         2.41040e+01        -6.80252e+00
         1.01144e+01         2.80726e+01        -8.24051e+00
         1.01174e+01         3.25884e+01        -4.37784e+00
         1.01205e+01         3.45688e+01        -3.93822e+00
         1.01235e+01         3.78607e+01        -5.43726e+00
         1.01265e+01         3.81627e+01        -7.72505e+00
         1.01295e+01         3.85529e+01        -7.40385e+00
         1.01326e+01         3.81435e+01        -9.81027e+00
         1.01356e+01         3.77004e+01        -6.56676e+00
         1.01386e+01         3.60572e+01        -4.90022e+00
         1.01416e+01         3.56389e+01        -5.05769e+00
         1.01446e+01         3.63934e+01        -1.74166e+00
         1.01477e+01         3.50408e+01         6.63682e-01
         1.01507e+01         3.53226e+01         2.50082e+00
         1.01537e+01         3.72993e+01         4.93896e+00
         1.01568e+01         3.92183e+01         7.34823e+00
         1.01597e+01         4.08333e+01         9.17356e+00
         1.01628e+01         4.02887e+01         8.21431e+00
         1.01658e+01         4.06332e+01         6.53727e+00
         1.01688e+01         4.21003e+01         1.48464e+01
         1.01719e+01         4.22820e+01         1.76638e+01
         1.01749e+01         4.26013e+01         1.92686e+01
         1.01779e+01         4.49059e+01         1.73488e+01
         1.01809e+01         4.52100e+01         1.44107e+01
         1.01839e+01         4.86609e+01         1.19531e+01
         1.01870e+01         4.83670e+01         7.73818e+00
         1.01900e+01         5.09032e+01         4.97641e+00
         1.01930e+01         4.65464e+01         3.19468e-01
         1.01960e+01         4.41237e+01         2.69204e-01
         1.01991e+01         4.42127e+01        -5.73900e+00
         1.02021e+01         4.06328e+01        -5.74588e+00
         1.02051e+01         3.77140e+01        -8.22203e+00
         1.02081e+01         4.01339e+01        -6.75655e+00
         1.02111e+01         4.01644e+01        -1.51603e+01
         1.02142e+01         3.60637e+01        -1.91929e+01
         1.02172e+01         3.76647e+01        -2.09916e+01
         1.02202e+01         3.37349e+01        -2.04100e+01
         1.02232e+01         3.21768e+01        -3.44885e+01
         1.02263e+01         2.02679e+01        -2.29877e+01
         1.02293e+01         1.98007e+01        -2.49708e+01
         1.02323e+01         1.35916e+01        -3.15451e+01
         1.02353e+01         2.14591e+01        -2.71302e+01
         1.02384e+01         1.99963e+01        -1.32215e+01
         1.02414e+01         1.68117e+01        -2.95964e+01
         1.02444e+01         2.45818e+01        -2.67297e+01
         1.02474e+01         2.84554e+01        -3.55078e+01
         1.02504e+01         2.96103e+01        -2.71037e+01
         1.02535e+01         2.72483e+01        -2.65490e+01
         1.02565e+01         2.33929e+01        -3.12982e+01
         1.02595e+01         2.88106e+01        -3.36620e+01
         1.02625e+01         3.58433e+01        -3.94205e+01
         1.02656e+01         3.36217e+01        -4.52410e+01
         1.02686e+01         3.33854e+01        -4.93495e+01
         1.02716e+01         3.64718e+01        -5.33664e+01
         1.02746e+01         3.51508e+01        -5.97295e+01
         1.02777e+01         3.79604e+01        -6.14126e+01
         1.02807e+01         3.57779e+01        -6.00467e+01
         1.02837e+01         2.55463e+01        -7.05696e+01
         1.02867e+01         2.78061e+01        -6.92073e+01
         1.02897e+01         2.45198e+01        -6.80933e+01
         1.02928e+01         2.24436e+01        -7.08801e+01
         1.02958e+01         1.88944e+01        -7.06634e+01
         1.02988e+01         1.62502e+01        -7.23106e+01
         1.03018e+01         5.09549e-01        -6.55306e+01
         1.03049e+01         1.96931e+00        -5.91438e+01
         1.03079e+01        -1.69811e+00        -5.90525e+01
         1.03109e+01        -8.26973e+00        -4.36821e+01
         1.03139e+01        -5.90283e+00        -4.90998e+01
         1.03169e+01        -1.16701e+01        -4.54631e+01
         1.03200e+01        -9.80365e+00        -5.42030e+01
         1.03230e+01        -4.76606e+00        -3.20764e+01
         1.03260e+01        -4.80653e+00        -4.73750e+01
         1.03291e+01        -3.12747e+00        -5.43997e+01
         1.03321e+01        -7.91268e+00        -4.99081e+01
         1.03351e+01         1.43708e+00        -4.38710e+01
         1.03381e+01        -5.28136e-01        -4.17668e+01
         1.03411e+01         4.34158e+00        -5.90414e+01
         1.03442e+01         1.02220e+01        -4.46198e+01
         1.03472e+01         1.31318e+01        -5.08842e+01
         1.03502e+01         1.23786e+01        -4.55236e+01
         1.03532e+01         8.34961e+00        -4.99459e+01
         1.03562e+01         5.46788e+00        -4.47391e+01
         1.03593e+01         7.60711e+00        -4.42659e+01
         1.03623e+01         1.30609e+01        -4.66779e+01
         1.03653e+01         1.71540e+01        -3.98271e+01
         1.03683e+01         2.42621e+01        -3.59026e+01
         1.03714e+01         2.36954e+01        -3.65473e+01
         1.03744e+01         2.16015e+01        -4.18140e+01
         1.03774e+01         2.99561e+01        -4.24704e+01
         1.03804e+01         3.03317e+01        -4.78357e+01
         1.03834e+01         2.01528e+01        -4.43985e+01
         1.03865e+01         2.20260e+01        -3.71129e+01
         1.03895e+01         1.73485e+01        -2.74891e+01
         1.03925e+01         2.24613e+01        -2.81709e+01
         1.03956e+01         1.79339e+01        -3.91892e+01
         1.03986e+01         2.03035e+01        -3.73323e+01
         1.04016e+01         2.44657e+01        -4.56118e+01
         1.04046e+01         2.31991e+01        -4.95341e+01
         1.04076e+01         2.27341e+01        -4.83962e+01
         1.04107e+01         1.97927e+01        -5.17348e+01
         1.04137e+01         1.93166e+01        -5.19274e+01
         1.04167e+01         2.03033e+01        -5.16716e+01
         1.04197e+01         1.65600e+01        -5.69491e+01
         1.04228e+01         1.45053e+01        -5.25046e+01
         1.04258e+01         2.00709e+01        -5.58653e+01
         1.04288e+01         1.80820e+01        -5.47212e+01
         1.04318e+01         1.59862e+01        -6.05576e+01
         1.04348e+01         1.76216e+01        -5.56351e+01
         1.04379e+01         1.67192e+01        -5.39052e+01
         1.04409e+01         1.91543e+01        -5.13444e+01
         1.04439e+01         1.53821e+01        -4.63214e+01
         1.04469e+01         1.78503e+01        -3.90764e+01
         1.04499e+01         2.34802e+01        -4.02531e+01
         1.04530e+01         2.03328e+01        -3.53896e+01
         1.04560e+01         2.59446e+01        -3.10485e+01
         1.04590e+01         2.81623e+01        -2.33416e+01
         1.04621e+01         2.90724e+01        -1.64632e+01
         1.04651e+01         3.09430e+01        -1.04373e+01
         1.04681e+01         2.95872e+01        -2.87709e+00
         1.04711e+01         2.93944e+01         8.67382e+00
         1.04741e+01         2.70181e+01         1.20068e+01
         1.04772e+01         2.67030e+01         2.38366e+01
         1.04802e+01         2.90060e+01         2.63193e+01
         1.04832e+01         3.15935e+01         3.18085e+01
         1.04862e+01         2.85378e+01         3.46790e+01
         1.04893e+01         3.07388e+01         3.60915e+01
         1.04923e+01         2.82724e+01         3.83940e+01
         1.04953e+01         2.82833e+01         4.58807e+01
         1.04983e+01         2.53227e+01         4.19117e+01
