         9.50228e+00        -1.45618e-01
         9.50531e+00        -1.47482e-01
         9.50833e+00        -1.48348e-01
         9.51135e+00        -1.51165e-01
         9.51437e+00        -1.51823e-01
         9.51740e+00        -1.56230e-01
         9.52042e+00        -1.59617e-01
         9.52344e+00        -1.61699e-01
         9.52647e+00        -1.60505e-01
         9.52949e+00        -1.63234e-01
         9.53251e+00        -1.65394e-01
         9.53553e+00        -1.66599e-01
         9.53856e+00        -1.68496e-01
         9.54158e+00        -1.75228e-01
         9.54460e+00        -1.73045e-01
         9.54763e+00        -1.80861e-01
         9.55065e+00        -1.77923e-01
         9.55367e+00        -1.80346e-01
         9.55670e+00        -1.84412e-01
         9.55972e+00        -1.90200e-01
         9.56274e+00        -1.93697e-01
         9.56576e+00        -1.97201e-01
         9.56879e+00        -2.02204e-01
         9.57181e+00        -2.04286e-01
         9.57483e+00        -1.98137e-01
         9.57786e+00        -2.02215e-01
         9.58088e+00        -2.05744e-01
         9.58390e+00        -2.08759e-01
         9.58692e+00        -2.14349e-01
         9.58995e+00        -2.16706e-01
         9.59297e+00        -2.18465e-01
         9.59599e+00        -2.20499e-01
         9.59902e+00        -2.22385e-01
         9.60204e+00        -2.24138e-01
         9.60506e+00        -2.26134e-01
         9.60808e+00        -2.28447e-01
         9.61111e+00        -2.30157e-01
         9.61413e+00        -2.31910e-01
         9.61715e+00        -2.33670e-01
         9.62018e+00        -2.35166e-01
         9.62320e+00        -2.35638e-01
         9.62622e+00        -2.34476e-01
         9.62924e+00        -2.33489e-01
         9.63227e+00        -2.31965e-01
         9.63529e+00        -2.31724e-01
         9.63831e+00        -2.33061e-01
         9.64134e+00        -2.34640e-01
         9.64436e+00        -2.35649e-01
         9.64738e+00        -2.38071e-01
         9.65041e+00        -2.40724e-01
         9.65343e+00        -2.43377e-01
         9.65645e+00        -2.45514e-01
         9.65947e+00        -2.45723e-01
         9.66250e+00        -2.46479e-01
         9.66552e+00        -2.48364e-01
         9.66854e+00        -2.51817e-01
         9.67157e+00        -2.53133e-01
         9.67459e+00        -2.54898e-01
         9.67761e+00        -2.54777e-01
         9.68063e+00        -2.57243e-01
         9.68366e+00        -2.60828e-01
         9.68668e+00        -2.61058e-01
         9.68970e+00        -2.61716e-01
         9.69273e+00        -2.64242e-01
         9.69575e+00        -2.64851e-01
         9.69877e+00        -2.65059e-01
         9.70179e+00        -2.66210e-01
         9.70482e+00        -2.67263e-01
         9.70784e+00        -2.70727e-01
         9.71086e+00        -2.75966e-01
         9.71389e+00        -2.81130e-01
         9.71691e+00        -2.83992e-01
         9.71993e+00        -2.88353e-01
         9.72295e+00        -2.98767e-01
         9.72598e+00        -3.03010e-01
         9.72900e+00        -2.93473e-01
         9.73202e+00        -2.86369e-01
         9.73505e+00        -2.87740e-01
         9.73807e+00        -2.78466e-01
         9.74109e+00        -2.85887e-01
         9.74411e+00        -3.08472e-01
         9.74714e+00        -3.14531e-01
         9.75016e+00        -3.15166e-01
         9.75318e+00        -3.15791e-01
         9.75621e+00        -3.17315e-01
         9.75923e+00        -3.14870e-01
         9.76225e+00        -3.14333e-01
         9.76528e+00        -3.30096e-01
         9.76830e+00        -3.30445e-01
         9.77132e+00        -3.33122e-01
         9.77434e+00        -3.36586e-01
         9.77737e+00        -3.22631e-01
         9.78039e+00        -3.33955e-01
         9.78341e+00        -3.27816e-01
         9.78644e+00        -3.20198e-01
         9.78946e+00        -3.22905e-01
         9.79248e+00        -3.32090e-01
         9.79550e+00        -3.27356e-01
         9.79853e+00        -3.24736e-01
         9.80155e+00        -3.17107e-01
         9.80457e+00        -3.29165e-01
         9.80760e+00        -3.46693e-01
         9.81062e+00        -3.57644e-01
         9.81364e+00        -3.67268e-01
         9.81666e+00        -3.66805e-01
         9.81969e+00        -3.67805e-01
         9.82271e+00        -3.63684e-01
         9.82573e+00        -3.64320e-01
         9.82876e+00        -3.60384e-01
         9.83178e+00        -3.57710e-01
         9.83480e+00        -3.57446e-01
         9.83782e+00        -3.64024e-01
         9.84085e+00        -3.67235e-01
         9.84387e+00        -3.66521e-01
         9.84689e+00        -3.64276e-01
         9.84992e+00        -3.63815e-01
         9.85294e+00        -3.64177e-01
         9.85596e+00        -3.68913e-01
         9.85898e+00        -3.65186e-01
         9.86201e+00        -3.68485e-01
         9.86503e+00        -3.65262e-01
         9.86805e+00        -3.63241e-01
         9.87108e+00        -3.61480e-01
         9.87410e+00        -3.59935e-01
         9.87712e+00        -3.62445e-01
         9.88015e+00        -3.63004e-01
         9.88317e+00        -3.64473e-01
         9.88619e+00        -3.65449e-01
         9.88921e+00        -3.67235e-01
         9.89224e+00        -3.65377e-01
         9.89526e+00        -3.68386e-01
         9.89828e+00        -3.69406e-01
         9.90131e+00        -3.69439e-01
         9.90433e+00        -3.68584e-01
         9.90735e+00        -3.71686e-01
         9.91037e+00        -3.75457e-01
         9.91340e+00        -3.75862e-01
         9.91642e+00        -3.75556e-01
         9.91944e+00        -3.74783e-01
         9.92247e+00        -3.72311e-01
         9.92549e+00        -3.70875e-01
         9.92851e+00        -3.69252e-01
         9.93153e+00        -3.71730e-01
         9.93456e+00        -3.76104e-01
         9.93758e+00        -3.75128e-01
         9.94060e+00        -3.74898e-01
         9.94363e+00        -3.76777e-01
         9.94665e+00        -3.79655e-01
         9.94967e+00        -3.80083e-01
         9.95269e+00        -3.81168e-01
         9.95572e+00        -3.86430e-01
         9.95874e+00        -3.87186e-01
         9.96176e+00        -3.87460e-01
         9.96479e+00        -3.86474e-01
         9.96781e+00        -3.85553e-01
         9.97083e+00        -3.85737e-01
         9.97385e+00        -3.87701e-01
         9.97688e+00        -3.91100e-01
         9.97990e+00        -3.90957e-01
         9.98292e+00        -3.90650e-01
         9.98595e+00        -3.91220e-01
         9.98897e+00        -3.93248e-01
         9.99199e+00        -3.96712e-01
         9.99501e+00        -3.99372e-01
         9.99804e+00        -4.01437e-01
         1.00011e+01        -4.02610e-01
         1.00041e+01        -4.03388e-01
         1.00071e+01        -4.03914e-01
         1.00101e+01        -4.04681e-01
         1.00132e+01        -4.04999e-01
         1.00162e+01        -4.05514e-01
         1.00192e+01        -4.06282e-01
         1.00222e+01        -4.06929e-01
         1.00252e+01        -4.07488e-01
         1.00283e+01        -4.08540e-01
         1.00313e+01        -4.09527e-01
         1.00343e+01        -4.10645e-01
         1.00373e+01        -4.11949e-01
         1.00404e+01        -4.13287e-01
         1.00434e+01        -4.14536e-01
         1.00464e+01        -4.15328e-01
         1.00494e+01        -4.15906e-01
         1.00524e+01        -4.16564e-01
         1.00555e+01        -4.18022e-01
         1.00585e+01        -4.18417e-01
         1.00615e+01        -4.19469e-01
         1.00645e+01        -4.22067e-01
         1.00676e+01        -4.22922e-01
         1.00706e+01        -4.22979e-01
         1.00736e+01        -4.24270e-01
         1.00766e+01        -4.26364e-01
         1.00797e+01        -4.27570e-01
         1.00827e+01        -4.28491e-01
         1.00857e+01        -4.28447e-01
         1.00887e+01        -4.30464e-01
         1.00917e+01        -4.33939e-01
         1.00948e+01        -4.36462e-01
         1.00978e+01        -4.35769e-01
         1.01008e+01        -4.35419e-01
         1.01038e+01        -4.35693e-01
         1.01069e+01        -4.37403e-01
         1.01099e+01        -4.39464e-01
         1.01129e+01        -4.41448e-01
         1.01159e+01        -4.43574e-01
         1.01190e+01        -4.44780e-01
         1.01220e+01        -4.45127e-01
         1.01250e+01        -4.46161e-01
         1.01280e+01        -4.48200e-01
         1.01310e+01        -4.48156e-01
         1.01341e+01        -4.50140e-01
         1.01371e+01        -4.52684e-01
         1.01401e+01        -4.53330e-01
         1.01431e+01        -4.52333e-01
         1.01462e+01        -4.52342e-01
         1.01492e+01        -4.53352e-01
         1.01522e+01        -4.53637e-01
         1.01552e+01        -4.53637e-01
         1.01583e+01        -4.53879e-01
         1.01613e+01        -4.54438e-01
         1.01643e+01        -4.54613e-01
         1.01673e+01        -4.54723e-01
         1.01703e+01        -4.54947e-01
         1.01734e+01        -4.55128e-01
         1.01764e+01        -4.55545e-01
         1.01794e+01        -4.57025e-01
         1.01824e+01        -4.58022e-01
         1.01855e+01        -4.58789e-01
         1.01885e+01        -4.59590e-01
         1.01915e+01        -4.60795e-01
         1.01945e+01        -4.62648e-01
         1.01975e+01        -4.68342e-01
         1.02006e+01        -4.73566e-01
         1.02036e+01        -4.75090e-01
         1.02066e+01        -4.75813e-01
         1.02096e+01        -4.76548e-01
         1.02127e+01        -4.82895e-01
         1.02157e+01        -4.82708e-01
         1.02187e+01        -4.80845e-01
         1.02217e+01        -4.78250e-01
         1.02248e+01        -5.13106e-01
         1.02278e+01        -5.61349e-01
         1.02308e+01        -6.04046e-01
         1.02338e+01        -6.28107e-01
         1.02368e+01        -6.16247e-01
         1.02399e+01        -6.14438e-01
         1.02429e+01        -5.88469e-01
         1.02459e+01        -5.54915e-01
         1.02489e+01        -5.25422e-01
         1.02520e+01        -5.31061e-01
         1.02550e+01        -5.79217e-01
         1.02580e+01        -5.81530e-01
         1.02610e+01        -5.61349e-01
         1.02641e+01        -5.51516e-01
         1.02671e+01        -5.37277e-01
         1.02701e+01        -5.19387e-01
         1.02731e+01        -4.92887e-01
         1.02761e+01        -4.83213e-01
         1.02792e+01        -4.81634e-01
         1.02822e+01        -5.54410e-01
         1.02852e+01        -6.09779e-01
         1.02882e+01        -6.32010e-01
         1.02913e+01        -6.42752e-01
         1.02943e+01        -6.40418e-01
         1.02973e+01        -6.28464e-01
         1.03003e+01        -6.45975e-01
         1.03033e+01        -6.66288e-01
         1.03064e+01        -6.45866e-01
         1.03094e+01        -6.38170e-01
         1.03124e+01        -6.74685e-01
         1.03154e+01        -6.98384e-01
         1.03185e+01        -7.20078e-01
         1.03215e+01        -7.12679e-01
         1.03245e+01        -7.23952e-01
         1.03275e+01        -6.90141e-01
         1.03306e+01        -6.84780e-01
         1.03336e+01        -6.97124e-01
         1.03366e+01        -6.62298e-01
         1.03396e+01        -6.60675e-01
         1.03426e+01        -6.31045e-01
         1.03457e+01        -6.13342e-01
         1.03487e+01        -6.07908e-01
         1.03517e+01        -6.18264e-01
         1.03547e+01        -6.42215e-01
         1.03578e+01        -6.44134e-01
         1.03608e+01        -6.58242e-01
         1.03638e+01        -6.46447e-01
         1.03668e+01        -6.26288e-01
         1.03699e+01        -6.25838e-01
         1.03729e+01        -6.23865e-01
         1.03759e+01        -5.97848e-01
         1.03789e+01        -5.38132e-01
         1.03819e+01        -5.48096e-01
         1.03850e+01        -5.64298e-01
         1.03880e+01        -5.61985e-01
         1.03910e+01        -5.80664e-01
         1.03940e+01        -5.75676e-01
         1.03971e+01        -5.54476e-01
         1.04001e+01        -5.36408e-01
         1.04031e+01        -5.21612e-01
         1.04061e+01        -5.11440e-01
         1.04091e+01        -5.13654e-01
         1.04122e+01        -5.18970e-01
         1.04152e+01        -5.21382e-01
         1.04182e+01        -5.34843e-01
         1.04212e+01        -5.49192e-01
         1.04243e+01        -5.64420e-01
         1.04273e+01        -5.69373e-01
         1.04303e+01        -5.69384e-01
         1.04333e+01        -5.65668e-01
         1.04364e+01        -5.56526e-01
         1.04394e+01        -5.46485e-01
         1.04424e+01        -5.24440e-01
         1.04454e+01        -5.15145e-01
         1.04484e+01        -5.13544e-01
         1.04515e+01        -5.13378e-01
         1.04545e+01        -5.13424e-01
         1.04575e+01        -5.13479e-01
         1.04605e+01        -5.13851e-01
         1.04636e+01        -5.14016e-01
         1.04666e+01        -5.14355e-01
         1.04696e+01        -5.15375e-01
         1.04726e+01        -5.16011e-01
         1.04757e+01        -5.16528e-01
         1.04787e+01        -5.17184e-01
         1.04817e+01        -5.17896e-01
         1.04847e+01        -5.18707e-01
         1.04877e+01        -5.19288e-01
         1.04908e+01        -5.19968e-01
         1.04938e+01        -5.20659e-01
         1.04968e+01        -5.21623e-01
         1.04998e+01        -5.22127e-01
