         5.00153e+00         2.19011e+01        -1.25147e+02
         5.00453e+00         2.27340e+01        -1.26652e+02
         5.00753e+00         2.26510e+01        -1.24220e+02
         5.01053e+00         1.27555e+01        -1.19331e+02
         5.01353e+00         1.83659e+01        -1.26584e+02
         5.01650e+00         2.43860e+01        -1.28936e+02
         5.01950e+00         2.24297e+01        -1.26488e+02
         5.02250e+00         1.20632e+01        -1.20461e+02
         5.02550e+00         1.66188e+01        -1.29882e+02
         5.02850e+00         2.63864e+01        -1.33965e+02
         5.03150e+00         2.29536e+01        -1.33934e+02
         5.03450e+00         1.06093e+01        -1.29591e+02
         5.03750e+00         1.40932e+01        -1.37191e+02
         5.04050e+00         2.70294e+01        -1.36065e+02
         5.04347e+00         2.34421e+01        -1.36516e+02
         5.04647e+00         1.30744e+01        -1.34456e+02
         5.04947e+00         1.46492e+01        -1.40072e+02
         5.05247e+00         2.75127e+01        -1.42096e+02
         5.05547e+00         2.61641e+01        -1.41249e+02
         5.05847e+00         2.10184e+01        -1.37683e+02
         5.06144e+00         1.86988e+01        -1.35408e+02
         5.06444e+00         2.72063e+01        -1.39515e+02
         5.06744e+00         2.28977e+01        -1.39683e+02
         5.07044e+00         2.29225e+01        -1.37449e+02
         5.07344e+00         1.53114e+01        -1.31681e+02
         5.07644e+00         2.27208e+01        -1.37539e+02
         5.07944e+00         2.22422e+01        -1.38490e+02
         5.08242e+00         2.12331e+01        -1.35458e+02
         5.08542e+00         1.05905e+01        -1.28086e+02
         5.08842e+00         1.59288e+01        -1.35210e+02
         5.09142e+00         2.41123e+01        -1.38897e+02
         5.09442e+00         2.06010e+01        -1.33976e+02
         5.09742e+00         5.99411e+00        -1.23573e+02
         5.10042e+00         1.15434e+01        -1.33455e+02
         5.10342e+00         2.26219e+01        -1.35664e+02
         5.10642e+00         2.00176e+01        -1.31883e+02
         5.10939e+00         5.96550e+00        -1.23665e+02
         5.11239e+00         1.11484e+01        -1.32966e+02
         5.11539e+00         2.25646e+01        -1.34823e+02
         5.11839e+00         1.91394e+01        -1.33799e+02
         5.12139e+00         5.25850e+00        -1.25083e+02
         5.12439e+00         8.22546e+00        -1.30507e+02
         5.12739e+00         1.87252e+01        -1.33993e+02
         5.13036e+00         1.45055e+01        -1.35846e+02
         5.13336e+00         8.36570e+00        -1.34073e+02
         5.13636e+00         4.59471e+00        -1.31696e+02
         5.13936e+00         1.46063e+01        -1.37147e+02
         5.14236e+00         1.08451e+01        -1.35950e+02
         5.14536e+00         7.20563e+00        -1.32178e+02
         5.14836e+00         1.79382e+00        -1.28562e+02
         5.15133e+00         1.05617e+01        -1.34836e+02
         5.15433e+00         1.24412e+01        -1.37570e+02
         5.15733e+00         1.06478e+01        -1.29399e+02
         5.16033e+00        -1.80888e+00        -1.19505e+02
         5.16333e+00         6.16746e+00        -1.28557e+02
         5.16633e+00         1.59940e+01        -1.33306e+02
         5.16933e+00         1.45988e+01        -1.26839e+02
         5.17233e+00        -4.31290e+00        -1.14573e+02
         5.17531e+00         4.36204e+00        -1.27596e+02
         5.17831e+00         1.31327e+01        -1.29402e+02
         5.18131e+00         7.70489e+00        -1.25656e+02
         5.18431e+00        -7.90923e+00        -1.17431e+02
         5.18731e+00         4.57091e+00        -1.30700e+02
         5.19031e+00         1.63814e+01        -1.34327e+02
         5.19331e+00         8.01095e+00        -1.24187e+02
         5.19631e+00        -8.01187e+00        -1.12908e+02
         5.19928e+00         2.07259e+00        -1.21535e+02
         5.20228e+00         1.20849e+01        -1.24253e+02
         5.20528e+00         6.77220e+00        -1.22936e+02
         5.20828e+00        -3.63767e+00        -1.18668e+02
         5.21128e+00        -2.96768e+00        -1.21939e+02
         5.21428e+00         8.57043e+00        -1.25968e+02
         5.21728e+00         6.69893e+00        -1.31367e+02
         5.22025e+00         2.08096e-01        -1.25828e+02
         5.22325e+00        -7.37665e+00        -1.24924e+02
         5.22625e+00         8.06930e+00        -1.35830e+02
         5.22925e+00         9.81686e+00        -1.43654e+02
         5.23225e+00         5.05085e+00        -1.38686e+02
         5.23525e+00        -6.24751e+00        -1.34064e+02
         5.23825e+00         6.17805e+00        -1.50552e+02
         5.24122e+00         8.77349e+00        -1.52470e+02
         5.24422e+00         3.73649e+00        -1.43064e+02
         5.24722e+00        -1.01467e+01        -1.39402e+02
         5.25022e+00         1.86889e+00        -1.55366e+02
         5.25322e+00         9.25877e+00        -1.57390e+02
         5.25622e+00         2.05003e+00        -1.53367e+02
         5.25922e+00        -1.79827e+01        -1.41620e+02
         5.26222e+00         4.13217e+00        -1.66304e+02
         5.26519e+00         8.65106e+00        -1.63433e+02
         5.26819e+00         2.00559e-01        -1.56615e+02
         5.27119e+00        -1.51352e+01        -1.52199e+02
         5.27419e+00         4.81974e+00        -1.73935e+02
         5.27719e+00         1.22248e+01        -1.75926e+02
         5.28019e+00         1.40657e+00        -1.73002e+02
         5.28319e+00        -9.44280e+00        -1.72409e+02
         5.28619e+00         1.70841e+00        -1.83698e+02
         5.28917e+00         4.43500e+00        -1.82623e+02
         5.29217e+00        -5.01905e-01        -1.87667e+02
         5.29517e+00        -1.07758e+01        -1.77517e+02
         5.29817e+00        -1.46138e+00        -1.85388e+02
         5.30117e+00         9.24080e+00        -1.90748e+02
         5.30417e+00         8.17003e+00        -1.96226e+02
         5.30717e+00        -4.63814e+00        -1.80758e+02
         5.31014e+00        -5.20575e+00        -1.84446e+02
         5.31314e+00         5.60625e+00        -1.97233e+02
         5.31614e+00         8.05169e+00        -2.04037e+02
         5.31914e+00        -6.51229e+00        -1.90158e+02
         5.32214e+00        -1.09850e+01        -2.02173e+02
         5.32514e+00         9.10070e+00        -2.17997e+02
         5.32814e+00         1.05938e+01        -2.20976e+02
         5.33111e+00         9.27297e-01        -2.06437e+02
         5.33411e+00        -1.70555e+01        -2.04556e+02
         5.33711e+00         9.86460e+00        -2.38887e+02
         5.34011e+00         1.16737e+01        -2.28973e+02
         5.34311e+00        -1.01198e+01        -2.15941e+02
         5.34611e+00        -1.66849e+01        -2.25613e+02
         5.34911e+00         1.06359e+01        -2.50251e+02
         5.35211e+00         1.31563e+01        -2.50107e+02
         5.35511e+00        -7.73680e+00        -2.46962e+02
         5.35808e+00        -1.22212e+01        -2.63566e+02
         5.36108e+00         1.76888e+01        -3.02349e+02
         5.36408e+00         1.83192e+01        -3.18147e+02
         5.36708e+00         5.29733e+00        -3.19340e+02
         5.37008e+00        -9.16559e+00        -3.19903e+02
         5.37308e+00         1.54107e+01        -3.59416e+02
         5.37608e+00         1.77517e+01        -3.57736e+02
         5.37906e+00         5.29041e+00        -3.59996e+02
         5.38206e+00         2.78535e+00        -3.63742e+02
         5.38506e+00         1.08227e+01        -3.95254e+02
         5.38806e+00         2.05373e+01        -4.15559e+02
         5.39106e+00         1.76933e+01        -4.21121e+02
         5.39406e+00        -6.71383e+00        -3.94867e+02
         5.39703e+00         7.87794e+00        -4.05859e+02
         5.40003e+00         2.20919e+01        -4.32764e+02
         5.40303e+00         2.14325e+01        -4.27343e+02
         5.40603e+00        -3.12598e+00        -3.98031e+02
         5.40903e+00         9.41018e+00        -4.32869e+02
         5.41203e+00         3.23392e+01        -4.55788e+02
         5.41503e+00         2.49830e+01        -4.26214e+02
         5.41803e+00        -9.19390e+00        -3.82097e+02
         5.42100e+00         6.03014e+00        -4.03700e+02
         5.42400e+00         2.91786e+01        -4.03053e+02
         5.42700e+00         1.78288e+01        -3.68836e+02
         5.43000e+00        -2.48025e+00        -3.40496e+02
         5.43300e+00         3.51194e+01        -3.57721e+02
         5.43600e+00         6.14432e+01        -3.69214e+02
         5.43900e+00         5.31251e+01        -3.63119e+02
         5.44200e+00         2.88084e+01        -3.38213e+02
         5.44500e+00         3.59887e+01        -3.45524e+02
         5.44797e+00         4.51573e+01        -3.33089e+02
         5.45097e+00         2.55222e+01        -3.17664e+02
         5.45397e+00         9.37528e+00        -3.07102e+02
         5.45697e+00         1.38665e+01        -3.17335e+02
         5.45997e+00         2.74278e+01        -3.33420e+02
         5.46297e+00         1.54531e+01        -3.37674e+02
         5.46594e+00         5.89071e+00        -3.29951e+02
         5.46894e+00        -9.93248e+00        -3.06872e+02
         5.47194e+00         4.43239e-02        -3.13205e+02
         5.47494e+00         2.80011e+00        -3.18879e+02
         5.47794e+00        -9.27450e+00        -2.98868e+02
         5.48094e+00        -1.04072e+01        -2.97520e+02
         5.48394e+00         1.01550e+01        -3.21504e+02
         5.48692e+00         1.74893e+01        -3.31728e+02
         5.48992e+00         1.25452e+01        -3.14474e+02
         5.49292e+00         1.48334e+00        -2.94198e+02
         5.49592e+00         2.64937e+01        -3.29481e+02
         5.49892e+00         3.67763e+01        -3.30956e+02
         5.50192e+00         2.74722e+01        -3.16894e+02
         5.50492e+00         7.26318e+00        -3.00871e+02
         5.50792e+00         3.34093e+01        -3.23490e+02
         5.51092e+00         6.09795e+01        -3.25881e+02
         5.51389e+00         1.40233e+01        -2.90828e+02
         5.51689e+00        -1.25383e+01        -3.05228e+02
         5.51989e+00         2.07345e+01        -3.03804e+02
         5.52289e+00         6.32386e+01        -2.69721e+02
         5.52589e+00         3.98496e+01        -2.68341e+02
         5.52889e+00         2.76368e+01        -2.73060e+02
         5.53189e+00        -1.87469e+00        -2.56241e+02
         5.53486e+00        -6.32275e+01        -2.15840e+02
         5.53786e+00        -5.15900e+01        -2.41995e+02
         5.54086e+00        -1.61836e+01        -2.40793e+02
         5.54386e+00        -1.45248e+01        -2.41691e+02
         5.54686e+00        -6.40286e+00        -2.47206e+02
         5.54986e+00        -2.11923e+00        -2.49273e+02
         5.55286e+00        -8.76669e+00        -2.37234e+02
         5.55583e+00        -1.96523e+01        -2.30860e+02
         5.55883e+00        -4.13405e+01        -2.38229e+02
         5.56183e+00         1.67239e+00        -2.81857e+02
         5.56483e+00        -4.41172e+01        -2.09297e+02
         5.56783e+00        -3.19074e+01        -2.37588e+02
         5.57083e+00         5.41955e+01        -3.33645e+02
         5.57383e+00         6.58995e+01        -3.14875e+02
         5.57683e+00         1.14810e+01        -2.63942e+02
         5.57981e+00         6.89298e+01        -2.95007e+02
         5.58281e+00         1.86988e+02        -3.76996e+02
         5.58581e+00         3.81175e+02        -4.86112e+02
         5.58881e+00         4.64862e+02        -6.44629e+02
         5.59181e+00         3.88548e+02        -5.43639e+02
         5.59481e+00         4.62099e+02        -4.72096e+02
         5.59781e+00         3.72712e+02        -2.97787e+02
         5.60081e+00         1.42350e+02        -1.84558e+02
         5.60378e+00         3.82016e+00        -8.22760e+01
         5.60678e+00        -1.62274e+02         9.72788e+01
         5.60978e+00        -2.99444e+02         1.55012e+02
         5.61278e+00        -1.72445e+02        -6.68490e+01
         5.61578e+00        -1.39595e+02        -4.17737e+00
         5.61878e+00        -1.23924e+02        -4.03986e+00
         5.62178e+00        -1.76477e+02         8.82351e+00
         5.62475e+00        -2.29367e+02         5.94071e+01
         5.62775e+00        -1.30261e+02        -8.39068e+01
         5.63075e+00        -7.82440e+01        -1.06290e+02
         5.63375e+00        -3.64163e+01        -9.24709e+01
         5.63675e+00        -4.33623e-01        -4.03236e+01
         5.63975e+00        -1.76707e+01        -7.57245e+01
         5.64275e+00         6.28530e+00        -1.24875e+02
         5.64572e+00        -1.46410e+02         3.90409e+01
         5.64872e+00        -1.74606e+02         8.73753e+01
         5.65172e+00        -1.27492e+02         1.83660e+00
         5.65472e+00        -1.35251e+02         4.82280e+01
         5.65772e+00        -8.60498e+01        -5.44184e+01
         5.66072e+00        -1.05838e+02         1.55814e+02
         5.66372e+00        -1.71280e+02         2.47304e+02
         5.66672e+00        -2.77850e+02         3.42146e+02
         5.66969e+00        -2.98907e+02         2.95742e+02
         5.67269e+00        -2.91586e+02         2.62492e+02
         5.67569e+00        -1.08866e+02        -5.25749e+00
         5.67869e+00        -2.21482e+01        -6.01865e+01
         5.68169e+00        -7.46239e+01        -1.04896e+01
         5.68469e+00        -7.67477e+01        -1.99995e+01
         5.68769e+00        -1.56652e+02         1.52207e+02
         5.69069e+00        -1.64991e+02         1.77118e+02
         5.69367e+00        -1.98313e+02         1.11713e+02
         5.69667e+00        -2.70348e+02         1.94580e+02
         5.69967e+00        -1.76308e+02         8.64840e+01
         5.70267e+00        -8.48991e+01         3.45780e+01
         5.70567e+00        -1.61691e+02         1.21980e+02
         5.70867e+00        -1.74294e+02         1.06581e+02
         5.71167e+00        -1.72543e+02         1.40369e+02
         5.71464e+00        -1.41895e+02         5.70116e+01
         5.71764e+00        -1.24941e+02         5.52141e+01
         5.72064e+00        -2.09083e+02         2.92198e+02
         5.72364e+00        -1.34292e+02         1.88246e+02
         5.72664e+00        -1.45385e+02         1.91400e+02
         5.72964e+00        -1.56745e+02         2.65756e+02
         5.73264e+00        -1.81566e+02         2.84471e+02
         5.73561e+00        -1.35422e+02         2.26907e+02
         5.73861e+00        -1.16736e+02         2.49149e+02
         5.74161e+00        -1.53546e+02         2.87187e+02
         5.74461e+00        -1.97615e+02         3.81242e+02
         5.74761e+00        -1.49929e+02         2.78903e+02
         5.75061e+00        -1.27801e+02         1.95736e+02
         5.75361e+00        -1.21482e+02         1.76959e+02
         5.75661e+00        -1.08464e+02         1.49431e+02
         5.75961e+00        -1.34972e+02         1.95494e+02
         5.76258e+00        -1.15454e+02         1.73787e+02
         5.76558e+00        -1.56035e+02         2.36481e+02
         5.76858e+00        -1.59093e+02         2.28383e+02
         5.77158e+00        -1.86871e+02         2.56754e+02
         5.77458e+00        -1.06431e+02         1.48574e+02
         5.77758e+00        -1.07081e+02         1.58385e+02
         5.78058e+00        -1.16706e+02         1.62193e+02
         5.78356e+00        -9.73025e+01         1.44794e+02
         5.78656e+00        -3.45106e+01         6.42036e+01
         5.78956e+00        -6.63229e+01         1.26550e+02
         5.79256e+00        -9.14423e+01         1.42066e+02
         5.79556e+00        -8.02978e+01         1.41149e+02
         5.79856e+00        -2.89925e+01         8.15087e+01
         5.80153e+00        -7.26229e+01         1.63055e+02
         5.80453e+00        -9.18067e+01         1.51255e+02
         5.80753e+00        -7.61422e+01         1.63670e+02
         5.81053e+00        -3.23309e+01         8.86423e+01
         5.81353e+00        -6.82177e+01         1.33983e+02
         5.81653e+00        -7.24743e+01         1.24984e+02
         5.81953e+00        -7.17013e+01         1.21950e+02
         5.82253e+00        -6.15860e+01         1.21911e+02
         5.82550e+00        -1.23940e+02         2.40016e+02
         5.82850e+00        -1.49773e+02         2.40673e+02
         5.83150e+00        -1.55220e+02         2.43205e+02
         5.83450e+00        -1.27983e+02         2.04623e+02
         5.83750e+00        -1.61057e+02         2.65690e+02
         5.84050e+00        -1.39601e+02         2.01866e+02
         5.84350e+00        -1.32193e+02         2.18417e+02
         5.84650e+00        -8.84551e+01         1.78018e+02
         5.84947e+00        -6.74433e+01         1.58959e+02
         5.85247e+00        -6.99924e+01         1.48772e+02
         5.85547e+00        -7.32777e+01         1.61749e+02
         5.85847e+00        -6.86662e+00         4.86363e+01
         5.86147e+00        -5.45760e+01         1.41522e+02
         5.86447e+00        -1.16623e+02         1.87127e+02
         5.86747e+00        -1.64309e+02         2.89486e+02
         5.87044e+00        -7.20446e+01         9.39508e+01
         5.87344e+00        -1.27864e+02         2.79218e+02
         5.87644e+00        -1.85077e+02         3.68322e+02
         5.87944e+00        -2.11995e+02         3.93603e+02
         5.88244e+00        -1.11825e+02         2.67959e+02
         5.88544e+00        -1.49918e+02         2.92976e+02
         5.88844e+00        -1.77928e+02         2.78140e+02
         5.89142e+00        -1.66264e+02         2.68742e+02
         5.89442e+00        -1.03265e+02         1.56335e+02
         5.89742e+00        -1.45124e+02         2.70443e+02
         5.90042e+00        -1.95631e+02         3.49904e+02
         5.90342e+00        -2.16871e+02         4.28917e+02
         5.90642e+00        -1.73920e+02         4.16702e+02
         5.90942e+00        -1.99586e+02         4.60899e+02
         5.91242e+00        -2.15766e+02         4.61523e+02
         5.91542e+00        -2.40589e+02         5.67012e+02
         5.91839e+00        -2.35265e+02         5.69973e+02
         5.92139e+00        -2.19924e+02         4.57614e+02
         5.92439e+00        -2.29038e+02         5.13579e+02
         5.92739e+00        -2.27822e+02         5.43438e+02
         5.93039e+00        -1.83624e+02         4.86973e+02
         5.93339e+00        -1.93071e+02         5.07965e+02
         5.93639e+00        -2.03359e+02         5.01461e+02
         5.93936e+00        -2.39090e+02         5.60574e+02
         5.94236e+00        -2.02767e+02         4.84931e+02
         5.94536e+00        -2.30586e+02         5.47496e+02
         5.94836e+00        -2.66896e+02         6.26357e+02
         5.95136e+00        -2.92423e+02         6.88078e+02
         5.95436e+00        -2.03623e+02         5.26720e+02
         5.95736e+00        -2.25115e+02         6.01406e+02
         5.96033e+00        -2.82895e+02         7.09410e+02
         5.96333e+00        -2.81329e+02         6.96826e+02
         5.96633e+00        -2.15810e+02         5.98913e+02
         5.96933e+00        -2.31897e+02         6.67028e+02
         5.97233e+00        -2.79664e+02         6.86376e+02
         5.97533e+00        -1.80147e+02         5.12934e+02
         5.97833e+00        -1.72674e+02         5.10971e+02
         5.98133e+00        -2.72029e+02         7.26946e+02
         5.98431e+00        -3.62322e+02         8.67054e+02
         5.98731e+00        -3.44148e+02         8.63303e+02
         5.99031e+00        -2.51090e+02         7.58236e+02
         5.99331e+00        -2.66750e+02         7.82595e+02
         5.99631e+00        -2.99334e+02         7.94613e+02
         5.99931e+00        -2.06745e+02         5.92585e+02
