         5.00003e+00        -3.03217e-01
         5.00303e+00        -3.10781e-01
         5.00602e+00        -3.15970e-01
         5.00902e+00        -3.15323e-01
         5.01202e+00        -3.12876e-01
         5.01501e+00        -3.16913e-01
         5.01801e+00        -3.25654e-01
         5.02101e+00        -3.29557e-01
         5.02400e+00        -3.27192e-01
         5.02700e+00        -3.26349e-01
         5.03000e+00        -3.30198e-01
         5.03300e+00        -3.35544e-01
         5.03599e+00        -3.36304e-01
         5.03899e+00        -3.33502e-01
         5.04198e+00        -3.38201e-01
         5.04498e+00        -3.49005e-01
         5.04798e+00        -3.55014e-01
         5.05097e+00        -3.53929e-01
         5.05397e+00        -3.53945e-01
         5.05696e+00        -3.60097e-01
         5.05996e+00        -3.69254e-01
         5.06296e+00        -3.69358e-01
         5.06595e+00        -3.69543e-01
         5.06895e+00        -3.70714e-01
         5.07194e+00        -3.76440e-01
         5.07494e+00        -3.81332e-01
         5.07794e+00        -3.93118e-01
         5.08093e+00        -4.03587e-01
         5.08393e+00        -4.13107e-01
         5.08692e+00        -4.24069e-01
         5.08992e+00        -4.24738e-01
         5.09292e+00        -4.34518e-01
         5.09591e+00        -4.30679e-01
         5.09891e+00        -4.31144e-01
         5.10191e+00        -4.36179e-01
         5.10491e+00        -4.40350e-01
         5.10790e+00        -4.48288e-01
         5.11090e+00        -4.42167e-01
         5.11390e+00        -4.43128e-01
         5.11689e+00        -4.43007e-01
         5.11989e+00        -4.49586e-01
         5.12288e+00        -4.49964e-01
         5.12588e+00        -4.55242e-01
         5.12888e+00        -4.71000e-01
         5.13187e+00        -4.70490e-01
         5.13487e+00        -4.67428e-01
         5.13786e+00        -4.67847e-01
         5.14086e+00        -4.76178e-01
         5.14386e+00        -4.87252e-01
         5.14685e+00        -4.86148e-01
         5.14985e+00        -4.83668e-01
         5.15284e+00        -4.95474e-01
         5.15584e+00        -5.18431e-01
         5.15884e+00        -5.31315e-01
         5.16183e+00        -5.20967e-01
         5.16483e+00        -5.29236e-01
         5.16782e+00        -5.23663e-01
         5.17082e+00        -5.33194e-01
         5.17382e+00        -5.33525e-01
         5.17681e+00        -5.33788e-01
         5.17981e+00        -5.46491e-01
         5.18281e+00        -5.56466e-01
         5.18581e+00        -5.61496e-01
         5.18880e+00        -5.56711e-01
         5.19180e+00        -5.60968e-01
         5.19480e+00        -5.67439e-01
         5.19779e+00        -5.79698e-01
         5.20079e+00        -5.63888e-01
         5.20379e+00        -5.61496e-01
         5.20678e+00        -5.65459e-01
         5.20978e+00        -5.69677e-01
         5.21277e+00        -5.59415e-01
         5.21577e+00        -5.53547e-01
         5.21876e+00        -5.60846e-01
         5.22176e+00        -5.80184e-01
         5.22476e+00        -5.76755e-01
         5.22775e+00        -5.69207e-01
         5.23075e+00        -5.63767e-01
         5.23374e+00        -5.80640e-01
         5.23674e+00        -5.90548e-01
         5.23974e+00        -6.06967e-01
         5.24273e+00        -6.02113e-01
         5.24573e+00        -6.00029e-01
         5.24872e+00        -6.10116e-01
         5.25172e+00        -6.14351e-01
         5.25472e+00        -6.19731e-01
         5.25772e+00        -6.28993e-01
         5.26071e+00        -6.39753e-01
         5.26371e+00        -6.37773e-01
         5.26671e+00        -6.40514e-01
         5.26970e+00        -6.46093e-01
         5.27270e+00        -6.48652e-01
         5.27570e+00        -6.50183e-01
         5.27869e+00        -6.56636e-01
         5.28169e+00        -6.66093e-01
         5.28469e+00        -6.71275e-01
         5.28768e+00        -6.81742e-01
         5.29068e+00        -6.92906e-01
         5.29367e+00        -6.96258e-01
         5.29667e+00        -6.89036e-01
         5.29966e+00        -6.88695e-01
         5.30266e+00        -7.02344e-01
         5.30566e+00        -7.05507e-01
         5.30865e+00        -6.98232e-01
         5.31165e+00        -6.80977e-01
         5.31464e+00        -6.76697e-01
         5.31764e+00        -6.59213e-01
         5.32064e+00        -6.37252e-01
         5.32363e+00        -6.36721e-01
         5.32663e+00        -6.57659e-01
         5.32962e+00        -6.62591e-01
         5.33262e+00        -6.72940e-01
         5.33562e+00        -6.61427e-01
         5.33862e+00        -6.58552e-01
         5.34161e+00        -6.99952e-01
         5.34461e+00        -6.91268e-01
         5.34761e+00        -7.14086e-01
         5.35060e+00        -7.13458e-01
         5.35360e+00        -7.37460e-01
         5.35660e+00        -7.41076e-01
         5.35959e+00        -7.49410e-01
         5.36259e+00        -7.62311e-01
         5.36559e+00        -7.73529e-01
         5.36858e+00        -7.88661e-01
         5.37158e+00        -8.02520e-01
         5.37457e+00        -7.91461e-01
         5.37757e+00        -8.11197e-01
         5.38056e+00        -8.16234e-01
         5.38356e+00        -8.37922e-01
         5.38656e+00        -8.37304e-01
         5.38955e+00        -8.53203e-01
         5.39255e+00        -8.69399e-01
         5.39554e+00        -8.68854e-01
         5.39854e+00        -8.65562e-01
         5.40154e+00        -8.77526e-01
         5.40453e+00        -8.79818e-01
         5.40753e+00        -9.08587e-01
         5.41052e+00        -9.06532e-01
         5.41352e+00        -9.08131e-01
         5.41652e+00        -9.06635e-01
         5.41952e+00        -9.09035e-01
         5.42251e+00        -9.21185e-01
         5.42551e+00        -9.14398e-01
         5.42851e+00        -9.17536e-01
         5.43150e+00        -9.25232e-01
         5.43450e+00        -9.29674e-01
         5.43750e+00        -9.14184e-01
         5.44049e+00        -9.10505e-01
         5.44349e+00        -9.14779e-01
         5.44648e+00        -9.16072e-01
         5.44948e+00        -9.33930e-01
         5.45248e+00        -9.35672e-01
         5.45547e+00        -9.40901e-01
         5.45847e+00        -9.42673e-01
         5.46146e+00        -9.41245e-01
         5.46446e+00        -9.39862e-01
         5.46746e+00        -9.34070e-01
         5.47045e+00        -9.23721e-01
         5.47345e+00        -9.23691e-01
         5.47644e+00        -9.21924e-01
         5.47944e+00        -9.16565e-01
         5.48244e+00        -9.21950e-01
         5.48543e+00        -9.43809e-01
         5.48843e+00        -9.29025e-01
         5.49142e+00        -9.25022e-01
         5.49442e+00        -9.30568e-01
         5.49742e+00        -9.44439e-01
         5.50042e+00        -9.43379e-01
         5.50341e+00        -9.37752e-01
         5.50641e+00        -9.44966e-01
         5.50941e+00        -9.43092e-01
         5.51240e+00        -9.86301e-01
         5.51540e+00        -1.08205e+00
         5.51840e+00        -1.07759e+00
         5.52139e+00        -1.00446e+00
         5.52439e+00        -1.01792e+00
         5.52738e+00        -1.16538e+00
         5.53038e+00        -1.40043e+00
         5.53338e+00        -1.45851e+00
         5.53637e+00        -1.36384e+00
         5.53937e+00        -1.21100e+00
         5.54236e+00        -1.16549e+00
         5.54536e+00        -1.18569e+00
         5.54836e+00        -1.17818e+00
         5.55135e+00        -1.33018e+00
         5.55435e+00        -1.39446e+00
         5.55734e+00        -1.39502e+00
         5.56034e+00        -1.27894e+00
         5.56334e+00        -1.34691e+00
         5.56633e+00        -1.40040e+00
         5.56933e+00        -1.25902e+00
         5.57232e+00        -1.21227e+00
         5.57532e+00        -1.56069e+00
         5.57832e+00        -1.77721e+00
         5.58132e+00        -1.75992e+00
         5.58431e+00        -1.53082e+00
         5.58731e+00        -2.03008e+00
         5.59031e+00        -2.88081e+00
         5.59330e+00        -2.88648e+00
         5.59630e+00        -3.31547e+00
         5.59930e+00        -3.34941e+00
         5.60229e+00        -3.45171e+00
         5.60529e+00        -3.47980e+00
         5.60828e+00        -3.57929e+00
         5.61128e+00        -3.04117e+00
         5.61428e+00        -3.60621e+00
         5.61727e+00        -3.72260e+00
         5.62027e+00        -3.62469e+00
         5.62326e+00        -3.58438e+00
         5.62626e+00        -3.02087e+00
         5.62926e+00        -3.27689e+00
         5.63225e+00        -3.21063e+00
         5.63525e+00        -3.00484e+00
         5.63824e+00        -3.09431e+00
         5.64124e+00        -2.74188e+00
         5.64424e+00        -3.36117e+00
         5.64723e+00        -3.58540e+00
         5.65023e+00        -3.72668e+00
         5.65322e+00        -3.57864e+00
         5.65622e+00        -3.76569e+00
         5.65922e+00        -4.11871e+00
         5.66222e+00        -4.80224e+00
         5.66521e+00        -4.75052e+00
         5.66821e+00        -4.50612e+00
         5.67121e+00        -4.11709e+00
         5.67420e+00        -4.39494e+00
         5.67720e+00        -3.91996e+00
         5.68020e+00        -3.52056e+00
         5.68319e+00        -3.55169e+00
         5.68619e+00        -4.14673e+00
         5.68918e+00        -4.67264e+00
         5.69218e+00        -4.39308e+00
         5.69518e+00        -3.81364e+00
         5.69817e+00        -4.01915e+00
         5.70117e+00        -4.17440e+00
         5.70416e+00        -3.91238e+00
         5.70716e+00        -4.16761e+00
         5.71016e+00        -4.22244e+00
         5.71315e+00        -4.05357e+00
         5.71615e+00        -3.67163e+00
         5.71914e+00        -4.31548e+00
         5.72214e+00        -4.96708e+00
         5.72514e+00        -4.43578e+00
         5.72813e+00        -4.28566e+00
         5.73113e+00        -4.90505e+00
         5.73412e+00        -4.89882e+00
         5.73712e+00        -4.87238e+00
         5.74012e+00        -4.92002e+00
         5.74312e+00        -4.87860e+00
         5.74611e+00        -4.53250e+00
         5.74911e+00        -4.29572e+00
         5.75211e+00        -3.96171e+00
         5.75510e+00        -3.86870e+00
         5.75810e+00        -3.98613e+00
         5.76110e+00        -4.29067e+00
         5.76409e+00        -4.47158e+00
         5.76709e+00        -4.21163e+00
         5.77008e+00        -4.44682e+00
         5.77308e+00        -4.35750e+00
         5.77608e+00        -4.23230e+00
         5.77907e+00        -3.98375e+00
         5.78207e+00        -3.89261e+00
         5.78506e+00        -3.87709e+00
         5.78806e+00        -3.88277e+00
         5.79105e+00        -3.87826e+00
         5.79405e+00        -3.91430e+00
         5.79705e+00        -3.88491e+00
         5.80004e+00        -3.86899e+00
         5.80304e+00        -3.85434e+00
         5.80603e+00        -3.83080e+00
         5.80903e+00        -3.78465e+00
         5.81203e+00        -3.79723e+00
         5.81502e+00        -3.78210e+00
         5.81802e+00        -4.15989e+00
         5.82102e+00        -3.85021e+00
         5.82402e+00        -4.01448e+00
         5.82701e+00        -4.13127e+00
         5.83001e+00        -3.93941e+00
         5.83301e+00        -3.90193e+00
         5.83600e+00        -3.91729e+00
         5.83900e+00        -4.03876e+00
         5.84200e+00        -3.90241e+00
         5.84499e+00        -4.08152e+00
         5.84799e+00        -4.06322e+00
         5.85098e+00        -3.91342e+00
         5.85398e+00        -3.90162e+00
         5.85698e+00        -3.87297e+00
         5.85997e+00        -3.88104e+00
         5.86297e+00        -4.05591e+00
         5.86596e+00        -4.08626e+00
         5.86896e+00        -4.12004e+00
         5.87195e+00        -4.34210e+00
         5.87495e+00        -5.05709e+00
         5.87795e+00        -5.14479e+00
         5.88094e+00        -4.51393e+00
         5.88394e+00        -4.96391e+00
         5.88693e+00        -4.28954e+00
         5.88993e+00        -4.19883e+00
         5.89293e+00        -4.02145e+00
         5.89592e+00        -4.06771e+00
         5.89892e+00        -4.34678e+00
         5.90192e+00        -4.77804e+00
         5.90491e+00        -5.15899e+00
         5.90791e+00        -5.36017e+00
         5.91091e+00        -5.44915e+00
         5.91391e+00        -5.47343e+00
         5.91690e+00        -5.41882e+00
         5.91990e+00        -4.90853e+00
         5.92290e+00        -5.08447e+00
         5.92589e+00        -5.04871e+00
         5.92889e+00        -5.39015e+00
         5.93188e+00        -5.36801e+00
         5.93488e+00        -5.34138e+00
         5.93788e+00        -5.31315e+00
         5.94087e+00        -5.32693e+00
         5.94387e+00        -5.30744e+00
         5.94686e+00        -5.14673e+00
         5.94986e+00        -5.39554e+00
         5.95285e+00        -5.52752e+00
         5.95585e+00        -5.53641e+00
         5.95885e+00        -5.54983e+00
         5.96184e+00        -5.55891e+00
         5.96484e+00        -5.54054e+00
         5.96783e+00        -5.48315e+00
         5.97083e+00        -5.40397e+00
         5.97383e+00        -5.39473e+00
         5.97682e+00        -5.48818e+00
         5.97982e+00        -5.49804e+00
         5.98282e+00        -5.55583e+00
         5.98581e+00        -5.58736e+00
         5.98881e+00        -5.58940e+00
         5.99181e+00        -5.53826e+00
         5.99481e+00        -5.57017e+00
         5.99780e+00        -5.63818e+00
