         1.20016e+01        -6.95908e-01
         1.20047e+01        -6.86808e-01
         1.20077e+01        -6.93314e-01
         1.20107e+01        -7.02429e-01
         1.20138e+01        -7.00868e-01
         1.20168e+01        -6.94154e-01
         1.20198e+01        -6.98264e-01
         1.20229e+01        -7.10873e-01
         1.20259e+01        -7.15026e-01
         1.20289e+01        -7.09237e-01
         1.20320e+01        -7.09347e-01
         1.20350e+01        -7.17721e-01
         1.20380e+01        -7.22001e-01
         1.20411e+01        -7.14034e-01
         1.20441e+01        -7.11001e-01
         1.20471e+01        -7.19146e-01
         1.20502e+01        -7.24508e-01
         1.20532e+01        -7.20253e-01
         1.20562e+01        -7.14851e-01
         1.20592e+01        -7.21591e-01
         1.20623e+01        -7.27963e-01
         1.20653e+01        -7.27102e-01
         1.20683e+01        -7.20505e-01
         1.20714e+01        -7.25217e-01
         1.20744e+01        -7.32803e-01
         1.20774e+01        -7.35249e-01
         1.20805e+01        -7.30143e-01
         1.20835e+01        -7.29598e-01
         1.20865e+01        -7.35348e-01
         1.20896e+01        -7.36748e-01
         1.20926e+01        -7.36323e-01
         1.20956e+01        -7.33358e-01
         1.20987e+01        -7.40116e-01
         1.21017e+01        -7.43383e-01
         1.21047e+01        -7.46623e-01
         1.21078e+01        -7.41576e-01
         1.21108e+01        -7.47548e-01
         1.21138e+01        -7.48607e-01
         1.21168e+01        -7.51297e-01
         1.21199e+01        -7.48541e-01
         1.21229e+01        -7.53304e-01
         1.21259e+01        -7.57294e-01
         1.21290e+01        -7.60879e-01
         1.21320e+01        -7.59931e-01
         1.21350e+01        -7.59629e-01
         1.21381e+01        -7.62133e-01
         1.21411e+01        -7.63103e-01
         1.21441e+01        -7.65064e-01
         1.21472e+01        -7.63604e-01
         1.21502e+01        -7.66524e-01
         1.21532e+01        -7.66754e-01
         1.21563e+01        -7.69348e-01
         1.21593e+01        -7.66951e-01
         1.21623e+01        -7.71092e-01
         1.21654e+01        -7.71669e-01
         1.21684e+01        -7.76236e-01
         1.21714e+01        -7.72574e-01
         1.21745e+01        -7.75721e-01
         1.21775e+01        -7.76073e-01
         1.21805e+01        -7.80127e-01
         1.21835e+01        -7.77891e-01
         1.21866e+01        -7.79441e-01
         1.21896e+01        -7.81980e-01
         1.21926e+01        -7.83843e-01
         1.21957e+01        -7.82852e-01
         1.21987e+01        -7.83010e-01
         1.22017e+01        -7.88945e-01
         1.22048e+01        -7.91604e-01
         1.22078e+01        -7.92449e-01
         1.22108e+01        -7.89261e-01
         1.22139e+01        -7.96792e-01
         1.22169e+01        -8.01251e-01
         1.22199e+01        -8.03670e-01
         1.22230e+01        -7.97469e-01
         1.22260e+01        -8.01130e-01
         1.22290e+01        -8.08029e-01
         1.22321e+01        -8.10174e-01
         1.22351e+01        -8.06187e-01
         1.22381e+01        -8.06623e-01
         1.22412e+01        -8.15052e-01
         1.22442e+01        -8.17501e-01
         1.22472e+01        -8.12202e-01
         1.22502e+01        -8.10950e-01
         1.22533e+01        -8.22951e-01
         1.22563e+01        -8.27899e-01
         1.22593e+01        -8.23158e-01
         1.22624e+01        -8.17555e-01
         1.22654e+01        -8.28820e-01
         1.22684e+01        -8.36160e-01
         1.22715e+01        -8.32416e-01
         1.22745e+01        -8.24923e-01
         1.22775e+01        -8.33992e-01
         1.22806e+01        -8.44112e-01
         1.22836e+01        -8.42635e-01
         1.22866e+01        -8.33294e-01
         1.22897e+01        -8.38642e-01
         1.22927e+01        -8.49447e-01
         1.22957e+01        -8.50240e-01
         1.22988e+01        -8.40934e-01
         1.23018e+01        -8.42242e-01
         1.23048e+01        -8.53156e-01
         1.23078e+01        -8.54994e-01
         1.23109e+01        -8.47561e-01
         1.23139e+01        -8.45548e-01
         1.23169e+01        -8.56139e-01
         1.23200e+01        -8.59082e-01
         1.23230e+01        -8.54022e-01
         1.23260e+01        -8.50973e-01
         1.23291e+01        -8.60687e-01
         1.23321e+01        -8.65730e-01
         1.23351e+01        -8.61981e-01
         1.23382e+01        -8.60412e-01
         1.23412e+01        -8.68924e-01
         1.23442e+01        -8.74362e-01
         1.23473e+01        -8.68700e-01
         1.23503e+01        -8.68902e-01
         1.23533e+01        -8.75332e-01
         1.23564e+01        -8.81796e-01
         1.23594e+01        -8.74940e-01
         1.23624e+01        -8.76231e-01
         1.23655e+01        -8.81970e-01
         1.23685e+01        -8.89850e-01
         1.23715e+01        -8.81832e-01
         1.23745e+01        -8.83572e-01
         1.23776e+01        -8.90054e-01
         1.23806e+01        -8.98646e-01
         1.23836e+01        -8.89741e-01
         1.23867e+01        -8.88771e-01
         1.23897e+01        -8.95540e-01
         1.23927e+01        -9.03714e-01
         1.23958e+01        -8.95995e-01
         1.23988e+01        -8.93240e-01
         1.24018e+01        -9.00237e-01
         1.24049e+01        -9.09927e-01
         1.24079e+01        -9.06025e-01
         1.24109e+01        -9.03383e-01
         1.24140e+01        -9.09851e-01
         1.24170e+01        -9.20728e-01
         1.24200e+01        -9.19486e-01
         1.24231e+01        -9.12913e-01
         1.24261e+01        -9.18516e-01
         1.24291e+01        -9.23213e-01
         1.24322e+01        -9.19769e-01
         1.24352e+01        -9.10662e-01
         1.24382e+01        -9.21796e-01
         1.24412e+01        -9.29883e-01
         1.24443e+01        -9.35732e-01
         1.24473e+01        -9.26232e-01
         1.24503e+01        -9.35039e-01
         1.24534e+01        -9.41410e-01
         1.24564e+01        -9.45001e-01
         1.24594e+01        -9.35885e-01
         1.24625e+01        -9.40281e-01
         1.24655e+01        -9.43235e-01
         1.24685e+01        -9.42758e-01
         1.24716e+01        -9.36314e-01
         1.24746e+01        -9.43072e-01
         1.24776e+01        -9.50158e-01
         1.24807e+01        -9.49023e-01
         1.24837e+01        -9.41684e-01
         1.24867e+01        -9.45567e-01
         1.24898e+01        -9.48619e-01
         1.24928e+01        -9.42945e-01
         1.24958e+01        -9.42494e-01
         1.24989e+01        -9.53317e-01
         1.25019e+01        -9.60725e-01
         1.25049e+01        -9.49905e-01
         1.25079e+01        -9.44129e-01
         1.25110e+01        -9.55006e-01
         1.25140e+01        -9.64173e-01
         1.25170e+01        -9.57491e-01
         1.25201e+01        -9.45240e-01
         1.25231e+01        -9.51115e-01
         1.25261e+01        -9.65263e-01
         1.25292e+01        -9.59497e-01
         1.25322e+01        -9.50728e-01
         1.25352e+01        -9.57982e-01
         1.25383e+01        -9.72652e-01
         1.25413e+01        -9.67061e-01
         1.25443e+01        -9.54821e-01
         1.25474e+01        -9.61502e-01
         1.25504e+01        -9.80851e-01
         1.25534e+01        -9.87181e-01
         1.25565e+01        -9.74821e-01
         1.25595e+01        -9.85488e-01
         1.25625e+01        -9.98571e-01
         1.25655e+01        -9.97952e-01
         1.25686e+01        -9.82211e-01
         1.25716e+01        -9.86440e-01
         1.25746e+01        -9.95233e-01
         1.25777e+01        -9.94712e-01
         1.25807e+01        -9.80532e-01
         1.25837e+01        -9.83142e-01
         1.25868e+01        -9.96325e-01
         1.25898e+01        -1.00170e+00
         1.25928e+01        -9.82854e-01
         1.25959e+01        -9.81143e-01
         1.25989e+01        -9.88711e-01
         1.26019e+01        -9.91105e-01
         1.26050e+01        -9.80216e-01
         1.26080e+01        -9.82769e-01
         1.26110e+01        -9.92151e-01
         1.26141e+01        -9.93161e-01
         1.26171e+01        -9.82571e-01
         1.26201e+01        -9.85023e-01
         1.26232e+01        -9.96022e-01
         1.26262e+01        -9.97579e-01
         1.26292e+01        -9.88500e-01
         1.26322e+01        -9.90246e-01
         1.26353e+01        -1.00320e+00
         1.26383e+01        -1.00272e+00
         1.26413e+01        -9.94266e-01
         1.26444e+01        -9.93350e-01
         1.26474e+01        -1.00851e+00
         1.26504e+01        -1.00688e+00
         1.26535e+01        -9.98015e-01
         1.26565e+01        -9.94510e-01
         1.26595e+01        -1.01110e+00
         1.26626e+01        -1.01036e+00
         1.26656e+01        -1.00243e+00
         1.26686e+01        -9.98004e-01
         1.26717e+01        -1.01537e+00
         1.26747e+01        -1.01744e+00
         1.26777e+01        -1.00891e+00
         1.26808e+01        -1.00203e+00
         1.26838e+01        -1.01657e+00
         1.26868e+01        -1.02064e+00
         1.26898e+01        -1.01450e+00
         1.26929e+01        -1.00664e+00
         1.26959e+01        -1.01863e+00
         1.26989e+01        -1.02380e+00
         1.27020e+01        -1.01933e+00
         1.27050e+01        -1.01113e+00
         1.27080e+01        -1.02002e+00
         1.27111e+01        -1.02457e+00
         1.27141e+01        -1.02192e+00
         1.27171e+01        -1.01515e+00
         1.27202e+01        -1.02212e+00
         1.27232e+01        -1.02755e+00
         1.27262e+01        -1.02689e+00
         1.27293e+01        -1.02181e+00
         1.27323e+01        -1.02381e+00
         1.27353e+01        -1.02785e+00
         1.27384e+01        -1.02654e+00
         1.27414e+01        -1.02512e+00
         1.27444e+01        -1.02741e+00
         1.27475e+01        -1.03103e+00
         1.27505e+01        -1.02834e+00
         1.27535e+01        -1.02815e+00
         1.27565e+01        -1.02818e+00
         1.27596e+01        -1.02961e+00
         1.27626e+01        -1.02612e+00
         1.27656e+01        -1.02716e+00
         1.27687e+01        -1.03033e+00
         1.27717e+01        -1.03141e+00
         1.27747e+01        -1.02927e+00
         1.27778e+01        -1.03040e+00
         1.27808e+01        -1.03409e+00
         1.27838e+01        -1.03475e+00
         1.27869e+01        -1.03124e+00
         1.27899e+01        -1.03008e+00
         1.27929e+01        -1.03448e+00
         1.27960e+01        -1.03587e+00
         1.27990e+01        -1.03340e+00
         1.28020e+01        -1.03161e+00
         1.28051e+01        -1.03523e+00
         1.28081e+01        -1.03754e+00
         1.28111e+01        -1.03701e+00
         1.28142e+01        -1.03435e+00
         1.28172e+01        -1.03712e+00
         1.28202e+01        -1.03910e+00
         1.28232e+01        -1.04125e+00
         1.28263e+01        -1.03816e+00
         1.28293e+01        -1.04063e+00
         1.28323e+01        -1.04035e+00
         1.28354e+01        -1.04560e+00
         1.28384e+01        -1.04068e+00
         1.28414e+01        -1.04154e+00
         1.28445e+01        -1.03841e+00
         1.28475e+01        -1.04519e+00
         1.28505e+01        -1.04178e+00
         1.28536e+01        -1.04292e+00
         1.28566e+01        -1.03910e+00
         1.28596e+01        -1.04708e+00
         1.28627e+01        -1.04730e+00
         1.28657e+01        -1.04919e+00
         1.28687e+01        -1.04420e+00
         1.28718e+01        -1.05184e+00
         1.28748e+01        -1.05445e+00
         1.28778e+01        -1.05697e+00
         1.28808e+01        -1.05052e+00
         1.28839e+01        -1.05892e+00
         1.28869e+01        -1.06290e+00
         1.28899e+01        -1.06734e+00
         1.28930e+01        -1.06253e+00
         1.28960e+01        -1.06624e+00
         1.28990e+01        -1.06645e+00
         1.29021e+01        -1.06912e+00
         1.29051e+01        -1.06339e+00
         1.29081e+01        -1.06666e+00
         1.29112e+01        -1.06903e+00
         1.29142e+01        -1.07527e+00
         1.29172e+01        -1.07053e+00
         1.29203e+01        -1.07173e+00
         1.29233e+01        -1.07531e+00
         1.29263e+01        -1.08119e+00
         1.29294e+01        -1.08524e+00
         1.29324e+01        -1.08901e+00
         1.29354e+01        -1.09193e+00
         1.29385e+01        -1.09961e+00
         1.29415e+01        -1.11880e+00
         1.29445e+01        -1.12226e+00
         1.29475e+01        -1.12109e+00
         1.29506e+01        -1.12634e+00
         1.29536e+01        -1.14271e+00
         1.29566e+01        -1.14629e+00
         1.29597e+01        -1.14106e+00
         1.29627e+01        -1.14615e+00
         1.29657e+01        -1.14558e+00
         1.29688e+01        -1.14459e+00
         1.29718e+01        -1.13450e+00
         1.29748e+01        -1.12515e+00
         1.29779e+01        -1.13619e+00
         1.29809e+01        -1.13028e+00
         1.29839e+01        -1.14229e+00
         1.29870e+01        -1.14134e+00
         1.29900e+01        -1.14735e+00
         1.29930e+01        -1.16648e+00
         1.29961e+01        -1.19050e+00
         1.29991e+01        -1.19468e+00
         1.30021e+01        -1.19821e+00
         1.30052e+01        -1.20195e+00
         1.30082e+01        -1.23078e+00
         1.30112e+01        -1.27650e+00
         1.30142e+01        -1.28674e+00
         1.30173e+01        -1.28830e+00
         1.30203e+01        -1.27946e+00
         1.30233e+01        -1.26999e+00
         1.30264e+01        -1.25370e+00
         1.30294e+01        -1.22940e+00
         1.30324e+01        -1.21354e+00
         1.30355e+01        -1.20488e+00
         1.30385e+01        -1.21282e+00
         1.30415e+01        -1.21231e+00
         1.30446e+01        -1.20932e+00
         1.30476e+01        -1.20273e+00
         1.30506e+01        -1.22178e+00
         1.30537e+01        -1.21929e+00
         1.30567e+01        -1.19361e+00
         1.30597e+01        -1.18473e+00
         1.30628e+01        -1.19174e+00
         1.30658e+01        -1.19877e+00
         1.30688e+01        -1.20474e+00
         1.30718e+01        -1.25543e+00
         1.30749e+01        -1.27323e+00
         1.30779e+01        -1.24980e+00
         1.30809e+01        -1.23038e+00
         1.30840e+01        -1.21596e+00
         1.30870e+01        -1.27488e+00
         1.30900e+01        -1.33775e+00
         1.30931e+01        -1.29977e+00
         1.30961e+01        -1.46942e+00
         1.30991e+01        -1.47993e+00
         1.31022e+01        -1.68547e+00
         1.31052e+01        -1.56095e+00
         1.31082e+01        -1.89592e+00
         1.31113e+01        -1.58345e+00
         1.31143e+01        -1.86327e+00
         1.31173e+01        -1.95117e+00
         1.31204e+01        -1.79266e+00
         1.31234e+01        -1.75444e+00
         1.31264e+01        -1.81716e+00
         1.31295e+01        -1.66748e+00
         1.31325e+01        -1.67090e+00
         1.31355e+01        -1.67055e+00
         1.31385e+01        -1.62515e+00
         1.31416e+01        -2.01547e+00
         1.31446e+01        -2.06555e+00
         1.31476e+01        -2.15756e+00
         1.31507e+01        -2.16373e+00
         1.31537e+01        -2.70574e+00
         1.31567e+01        -2.69013e+00
         1.31598e+01        -2.91526e+00
         1.31628e+01        -3.82253e+00
         1.31658e+01        -3.25396e+00
         1.31689e+01        -4.23983e+00
         1.31719e+01        -6.19588e+00
         1.31749e+01        -6.32847e+00
         1.31780e+01        -5.82289e+00
         1.31810e+01        -5.79192e+00
         1.31840e+01        -6.50482e+00
         1.31871e+01        -5.91015e+00
         1.31901e+01        -5.85106e+00
         1.31931e+01        -6.50894e+00
         1.31961e+01        -5.92142e+00
         1.31992e+01        -6.50807e+00
         1.32022e+01        -6.35663e+00
         1.32052e+01        -5.62873e+00
         1.32083e+01        -5.68254e+00
         1.32113e+01        -5.85268e+00
         1.32143e+01        -5.87186e+00
         1.32174e+01        -6.78807e+00
         1.32204e+01        -6.46727e+00
         1.32234e+01        -5.88364e+00
         1.32265e+01        -5.76946e+00
         1.32295e+01        -6.09121e+00
         1.32325e+01        -6.50674e+00
         1.32356e+01        -6.28393e+00
         1.32386e+01        -5.82971e+00
         1.32416e+01        -6.04939e+00
         1.32447e+01        -6.84739e+00
         1.32477e+01        -6.58565e+00
         1.32507e+01        -6.01130e+00
         1.32538e+01        -6.36516e+00
         1.32568e+01        -5.98914e+00
         1.32598e+01        -5.87956e+00
         1.32628e+01        -5.81010e+00
         1.32659e+01        -6.13392e+00
         1.32689e+01        -5.95295e+00
         1.32719e+01        -6.14800e+00
         1.32750e+01        -6.46892e+00
         1.32780e+01        -6.28256e+00
         1.32810e+01        -6.83866e+00
         1.32841e+01        -6.87513e+00
         1.32871e+01        -6.70498e+00
         1.32901e+01        -6.60776e+00
         1.32932e+01        -7.01962e+00
         1.32962e+01        -7.00907e+00
         1.32992e+01        -6.97071e+00
         1.33023e+01        -6.93826e+00
         1.33053e+01        -6.87306e+00
         1.33083e+01        -6.91520e+00
         1.33114e+01        -6.85175e+00
         1.33144e+01        -6.83660e+00
         1.33174e+01        -6.93695e+00
         1.33205e+01        -6.96403e+00
         1.33235e+01        -6.97993e+00
         1.33265e+01        -7.02476e+00
         1.33295e+01        -7.01731e+00
         1.33326e+01        -6.53756e+00
         1.33356e+01        -6.51338e+00
         1.33386e+01        -6.98402e+00
         1.33417e+01        -6.97359e+00
         1.33447e+01        -6.97861e+00
         1.33477e+01        -6.96351e+00
         1.33508e+01        -6.97392e+00
         1.33538e+01        -7.00478e+00
         1.33568e+01        -7.11256e+00
         1.33599e+01        -7.22228e+00
         1.33629e+01        -7.27230e+00
         1.33659e+01        -7.33850e+00
         1.33690e+01        -7.32665e+00
         1.33720e+01        -7.30585e+00
         1.33750e+01        -7.27682e+00
         1.33781e+01        -7.23470e+00
         1.33811e+01        -7.31345e+00
         1.33841e+01        -7.34677e+00
         1.33871e+01        -7.35752e+00
         1.33902e+01        -7.36997e+00
         1.33932e+01        -7.39851e+00
         1.33962e+01        -7.44614e+00
         1.33993e+01        -7.46905e+00
         1.34023e+01        -7.44180e+00
         1.34053e+01        -7.39297e+00
         1.34084e+01        -7.38247e+00
         1.34114e+01        -7.37386e+00
         1.34144e+01        -7.35474e+00
         1.34175e+01        -7.34757e+00
         1.34205e+01        -7.36169e+00
         1.34235e+01        -7.40693e+00
         1.34266e+01        -7.44711e+00
         1.34296e+01        -7.43369e+00
         1.34326e+01        -7.41531e+00
         1.34357e+01        -7.40953e+00
         1.34387e+01        -7.41465e+00
         1.34417e+01        -7.45215e+00
         1.34448e+01        -7.37056e+00
         1.34478e+01        -7.37429e+00
         1.34508e+01        -7.35741e+00
         1.34538e+01        -7.32153e+00
         1.34569e+01        -7.29173e+00
         1.34599e+01        -7.32191e+00
         1.34629e+01        -7.35178e+00
         1.34660e+01        -7.32897e+00
         1.34690e+01        -7.31240e+00
         1.34720e+01        -7.26838e+00
         1.34751e+01        -7.32090e+00
         1.34781e+01        -7.40879e+00
         1.34811e+01        -7.51597e+00
         1.34842e+01        -7.47838e+00
         1.34872e+01        -7.44290e+00
         1.34902e+01        -7.43823e+00
         1.34933e+01        -7.44662e+00
         1.34963e+01        -7.45841e+00
         1.34993e+01        -7.48209e+00
         1.35024e+01        -7.49043e+00
         1.35054e+01        -7.46381e+00
         1.35084e+01        -7.47713e+00
         1.35115e+01        -7.44399e+00
         1.35145e+01        -7.31560e+00
         1.35175e+01        -7.16744e+00
         1.35205e+01        -7.08844e+00
         1.35236e+01        -7.04650e+00
         1.35266e+01        -7.02117e+00
         1.35296e+01        -7.05941e+00
         1.35327e+01        -7.04700e+00
         1.35357e+01        -6.96797e+00
         1.35387e+01        -7.05581e+00
         1.35418e+01        -7.16822e+00
         1.35448e+01        -7.23340e+00
         1.35478e+01        -7.34584e+00
         1.35509e+01        -7.36724e+00
         1.35539e+01        -7.36863e+00
         1.35569e+01        -7.34383e+00
         1.35600e+01        -7.21914e+00
         1.35630e+01        -7.06937e+00
         1.35660e+01        -7.06386e+00
         1.35691e+01        -7.08291e+00
         1.35721e+01        -7.07426e+00
         1.35751e+01        -7.12589e+00
         1.35781e+01        -7.07393e+00
         1.35812e+01        -7.10807e+00
         1.35842e+01        -7.15206e+00
         1.35872e+01        -7.24372e+00
         1.35903e+01        -7.27205e+00
         1.35933e+01        -7.14719e+00
         1.35963e+01        -7.20364e+00
         1.35994e+01        -7.17369e+00
         1.36024e+01        -7.17859e+00
         1.36054e+01        -7.21366e+00
         1.36085e+01        -7.21624e+00
         1.36115e+01        -7.15790e+00
         1.36145e+01        -7.12496e+00
         1.36176e+01        -7.09916e+00
         1.36206e+01        -7.05634e+00
         1.36236e+01        -6.90988e+00
         1.36267e+01        -6.85505e+00
         1.36297e+01        -6.85872e+00
         1.36327e+01        -6.82831e+00
         1.36358e+01        -6.73103e+00
         1.36388e+01        -6.74491e+00
         1.36418e+01        -6.76031e+00
         1.36448e+01        -6.84687e+00
         1.36479e+01        -6.86266e+00
         1.36509e+01        -6.77995e+00
         1.36539e+01        -6.68428e+00
         1.36570e+01        -6.67235e+00
         1.36600e+01        -6.67762e+00
         1.36630e+01        -6.64944e+00
         1.36661e+01        -6.68296e+00
         1.36691e+01        -6.74042e+00
         1.36721e+01        -6.73653e+00
         1.36752e+01        -6.71493e+00
         1.36782e+01        -6.71471e+00
         1.36812e+01        -6.63046e+00
         1.36843e+01        -6.60097e+00
         1.36873e+01        -6.45058e+00
         1.36903e+01        -6.34678e+00
         1.36934e+01        -6.35098e+00
         1.36964e+01        -6.43551e+00
         1.36994e+01        -6.47527e+00
         1.37025e+01        -6.65406e+00
         1.37055e+01        -6.78019e+00
         1.37085e+01        -6.81575e+00
         1.37115e+01        -6.75907e+00
         1.37146e+01        -6.76069e+00
         1.37176e+01        -6.76252e+00
         1.37206e+01        -6.75980e+00
         1.37237e+01        -6.83284e+00
         1.37267e+01        -6.82119e+00
         1.37297e+01        -6.75095e+00
         1.37328e+01        -6.69621e+00
         1.37358e+01        -6.70198e+00
         1.37388e+01        -6.71399e+00
         1.37419e+01        -6.73180e+00
         1.37449e+01        -6.76212e+00
         1.37479e+01        -6.77404e+00
         1.37510e+01        -6.75284e+00
         1.37540e+01        -6.73188e+00
         1.37570e+01        -6.67575e+00
         1.37601e+01        -6.59635e+00
         1.37631e+01        -6.45413e+00
         1.37661e+01        -6.35633e+00
         1.37691e+01        -6.48278e+00
         1.37722e+01        -6.29470e+00
         1.37752e+01        -6.26987e+00
         1.37782e+01        -6.32362e+00
         1.37813e+01        -6.34216e+00
         1.37843e+01        -6.33508e+00
         1.37873e+01        -6.34776e+00
         1.37904e+01        -6.29623e+00
         1.37934e+01        -6.22516e+00
         1.37964e+01        -6.13402e+00
         1.37995e+01        -6.12519e+00
         1.38025e+01        -6.20544e+00
         1.38055e+01        -6.22335e+00
         1.38086e+01        -6.22184e+00
         1.38116e+01        -6.09933e+00
         1.38146e+01        -6.00457e+00
         1.38177e+01        -6.03671e+00
         1.38207e+01        -6.10464e+00
         1.38237e+01        -6.08381e+00
         1.38268e+01        -6.03913e+00
         1.38298e+01        -6.04329e+00
         1.38328e+01        -6.01046e+00
         1.38358e+01        -6.01583e+00
         1.38389e+01        -5.94948e+00
         1.38419e+01        -5.88472e+00
         1.38449e+01        -5.86837e+00
         1.38480e+01        -5.90705e+00
         1.38510e+01        -5.96390e+00
         1.38540e+01        -6.04772e+00
         1.38571e+01        -6.17288e+00
         1.38601e+01        -6.18475e+00
         1.38631e+01        -6.19991e+00
         1.38662e+01        -6.21964e+00
         1.38692e+01        -6.22192e+00
         1.38722e+01        -6.17354e+00
         1.38753e+01        -6.12966e+00
         1.38783e+01        -6.09755e+00
         1.38813e+01        -6.09143e+00
         1.38844e+01        -6.06230e+00
         1.38874e+01        -6.02186e+00
         1.38904e+01        -6.03552e+00
         1.38935e+01        -6.06644e+00
         1.38965e+01        -6.07271e+00
         1.38995e+01        -6.01034e+00
         1.39025e+01        -5.99914e+00
         1.39056e+01        -5.93002e+00
         1.39086e+01        -5.86531e+00
         1.39116e+01        -5.81853e+00
         1.39147e+01        -5.60171e+00
         1.39177e+01        -5.54129e+00
         1.39207e+01        -5.61506e+00
         1.39238e+01        -5.72683e+00
         1.39268e+01        -5.81037e+00
         1.39298e+01        -5.86145e+00
         1.39329e+01        -5.79361e+00
         1.39359e+01        -5.67322e+00
         1.39389e+01        -5.55822e+00
         1.39420e+01        -5.47124e+00
         1.39450e+01        -5.42253e+00
         1.39480e+01        -5.34513e+00
         1.39511e+01        -5.30527e+00
         1.39541e+01        -5.30814e+00
         1.39571e+01        -5.33595e+00
         1.39601e+01        -5.38404e+00
         1.39632e+01        -5.42657e+00
         1.39662e+01        -5.43621e+00
         1.39692e+01        -5.44650e+00
         1.39723e+01        -5.43930e+00
         1.39753e+01        -5.51133e+00
         1.39783e+01        -5.55837e+00
         1.39814e+01        -5.57625e+00
         1.39844e+01        -5.59436e+00
         1.39874e+01        -5.67286e+00
         1.39905e+01        -5.68347e+00
         1.39935e+01        -5.72654e+00
         1.39965e+01        -5.68088e+00
         1.39996e+01        -5.62107e+00
