         1.20001e+01        -1.42874e+01        -4.07321e+01
         1.20032e+01         2.38698e+01        -8.42577e+01
         1.20062e+01         2.82946e+01        -7.15861e+01
         1.20092e+01         6.97420e+00        -5.01608e+01
         1.20122e+01        -1.78942e+01        -3.53836e+01
         1.20153e+01        -2.33881e+00        -7.89020e+01
         1.20183e+01         2.29467e+01        -8.58381e+01
         1.20214e+01         1.31043e+00        -6.33287e+01
         1.20244e+01        -2.43026e+01        -5.18580e+01
         1.20274e+01        -2.47605e+01        -6.58023e+01
         1.20304e+01         2.35889e+01        -8.75558e+01
         1.20335e+01        -1.03866e+00        -5.11750e+01
         1.20365e+01        -2.51137e+01        -3.63751e+01
         1.20395e+01        -3.38957e+01        -4.36179e+01
         1.20426e+01         2.41947e+01        -7.84500e+01
         1.20456e+01         3.16531e+00        -4.31647e+01
         1.20486e+01        -1.81027e+01        -2.59681e+01
         1.20517e+01        -3.33746e+01        -2.46836e+01
         1.20547e+01         2.01775e+01        -6.91981e+01
         1.20577e+01         9.55525e+00        -4.68986e+01
         1.20607e+01        -1.23389e+01        -2.22572e+01
         1.20638e+01        -3.46098e+01        -1.45697e+01
         1.20668e+01         1.12810e+01        -5.19223e+01
         1.20699e+01         2.25969e+01        -3.40400e+01
         1.20729e+01        -8.32019e+00        -2.14894e+01
         1.20759e+01        -3.75943e+01        -1.19662e+01
         1.20789e+01        -3.33810e+00        -5.01390e+01
         1.20820e+01         2.29656e+01        -5.02194e+01
         1.20850e+01        -1.04475e+01        -2.76427e+01
         1.20881e+01        -4.33715e+01        -1.02119e+01
         1.20911e+01        -1.68275e+01        -4.22671e+01
         1.20941e+01         2.43770e+01        -5.81980e+01
         1.20971e+01        -8.83836e+00        -2.22226e+01
         1.21002e+01        -4.40015e+01        -2.65835e+00
         1.21032e+01        -2.53115e+01        -3.33933e+01
         1.21062e+01         2.17337e+01        -6.06851e+01
         1.21093e+01        -4.13079e+00        -1.97402e+01
         1.21123e+01        -3.88441e+01         2.40315e+00
         1.21153e+01        -2.03484e+01        -2.22614e+01
         1.21184e+01         1.92708e+01        -5.98415e+01
         1.21214e+01        -4.89742e+00        -2.99146e+01
         1.21244e+01        -5.56940e+01        -1.23807e+01
         1.21275e+01        -5.53180e+01        -5.31467e+01
         1.21305e+01        -2.06078e+01        -7.00504e+01
         1.21335e+01         4.97337e+00        -1.27473e+01
         1.21366e+01        -1.51546e+01         3.59828e+01
         1.21396e+01        -5.34054e+00         2.04787e+01
         1.21426e+01         4.79001e+00        -1.89033e+01
         1.21456e+01        -5.98041e+00        -3.99830e+01
         1.21487e+01        -5.54954e+01        -8.83531e+00
         1.21517e+01        -4.28962e+01         1.07390e+01
         1.21547e+01        -1.90032e+01         9.55323e+00
         1.21578e+01         3.37454e+01        -2.28269e+01
         1.21608e+01        -1.54451e+01         3.60083e+00
         1.21638e+01        -3.59971e+01        -2.99614e+01
         1.21669e+01        -1.45321e+01        -1.44435e+01
         1.21699e+01         3.76890e+01        -1.00860e+01
         1.21729e+01         3.31732e+00         1.72341e+01
         1.21760e+01        -3.90080e+01        -3.15568e+01
         1.21790e+01        -2.03670e+01        -4.82466e+01
         1.21820e+01        -1.07719e+00        -6.69441e+01
         1.21851e+01        -2.99348e+01        -3.76217e+01
         1.21881e+01        -3.39892e+01        -2.06820e+01
         1.21911e+01         2.22722e+01        -2.38123e+01
         1.21942e+01         6.38899e+01        -5.13078e+01
         1.21972e+01         1.02206e+01        -1.53418e+01
         1.22002e+01        -4.29094e+01        -2.35082e+01
         1.22032e+01        -2.61171e+01        -3.98813e+01
         1.22063e+01         2.85568e+01        -1.66359e+01
         1.22093e+01         4.36090e+01         2.79336e+01
         1.22124e+01        -5.01176e+00         7.74154e+00
         1.22154e+01         5.45790e-01        -4.51764e+01
         1.22184e+01        -5.07578e+00        -8.09185e+01
         1.22214e+01        -1.07767e+01        -2.77885e+01
         1.22245e+01        -6.08186e+01         1.13014e+01
         1.22275e+01        -2.84027e+01         4.04673e+00
         1.22305e+01        -1.60985e+01        -4.33145e+01
         1.22336e+01         5.43670e+00        -1.59791e+01
         1.22366e+01        -6.24725e+01         2.30908e+01
         1.22396e+01        -4.18392e+01        -1.74335e+01
         1.22427e+01        -2.94581e+01        -9.61060e+00
         1.22457e+01         1.57516e+01        -2.14746e+01
         1.22487e+01        -3.79246e+01         1.78948e+01
         1.22518e+01        -1.95282e+01         3.66510e+00
         1.22548e+01        -1.40593e+01        -7.25318e+00
         1.22578e+01         2.54272e+01        -2.61196e+01
         1.22609e+01        -3.22640e+01         2.77495e+01
         1.22639e+01        -2.07515e+01        -1.82908e+01
         1.22669e+01        -2.23748e+01        -2.44882e+01
         1.22699e+01         1.28619e+01        -4.31019e+01
         1.22730e+01        -4.47838e+01        -2.57757e+00
         1.22760e+01        -3.71673e+01        -3.05847e+01
         1.22791e+01        -2.92018e+01        -1.84048e+01
         1.22821e+01         2.64958e+00        -4.54511e+01
         1.22851e+01        -3.71276e+01         1.75807e+01
         1.22881e+01        -3.55344e+01        -2.76787e+01
         1.22912e+01        -3.39090e+01        -2.24936e+01
         1.22942e+01        -3.06611e+00        -4.68385e+01
         1.22973e+01        -2.61748e+01        -3.17053e-01
         1.23003e+01        -2.13116e+01        -3.33891e+01
         1.23033e+01        -1.41975e+01        -1.43464e+01
         1.23063e+01         4.11816e+00        -2.88303e+01
         1.23094e+01        -1.18248e+01        -4.47345e-02
         1.23124e+01        -2.83842e+01        -3.74971e+01
         1.23154e+01        -2.23403e+01        -2.98471e+01
         1.23185e+01        -4.60297e+00        -5.30059e+01
         1.23215e+01        -4.00839e+00        -2.13794e+01
         1.23245e+01        -2.01849e+01        -4.74424e+01
         1.23276e+01        -1.34982e+01        -3.31765e+01
         1.23306e+01        -7.63258e+00        -3.59705e+01
         1.23336e+01         6.65262e+00        -2.30901e+01
         1.23366e+01        -1.81380e+01        -3.78919e+01
         1.23397e+01        -1.45695e+01        -3.14329e+01
         1.23427e+01        -7.81455e+00        -3.57861e+01
         1.23457e+01         1.63917e+01        -3.88291e+01
         1.23488e+01        -1.20994e+01        -4.64265e+01
         1.23518e+01        -7.63246e+00        -3.52300e+01
         1.23548e+01        -5.80820e-02        -3.64383e+01
         1.23579e+01         2.61212e+01        -4.30548e+01
         1.23609e+01        -7.35287e+00        -4.83086e+01
         1.23639e+01        -2.04140e+00        -3.45994e+01
         1.23670e+01         2.87874e+00        -3.32085e+01
         1.23700e+01         2.80589e+01        -5.10670e+01
         1.23730e+01        -3.92495e+00        -3.66312e+01
         1.23761e+01        -3.18341e+00        -3.79424e+01
         1.23791e+01         4.69983e+00        -4.19251e+01
         1.23821e+01         3.45863e+01        -6.56371e+01
         1.23852e+01         1.12648e+01        -4.02570e+01
         1.23882e+01         2.54667e+01        -4.68729e+01
         1.23912e+01         3.82864e+01        -2.99072e+01
         1.23943e+01         5.78292e+01        -5.87447e+01
         1.23973e+01         3.34036e+01        -5.38276e+01
         1.24003e+01         2.72050e+01        -5.09331e+01
         1.24034e+01         3.19923e+01        -5.23227e+01
         1.24064e+01         3.62402e+01        -7.57112e+01
         1.24094e+01         2.30468e+00        -8.09250e+01
         1.24124e+01        -1.21228e+01        -8.00460e+01
         1.24155e+01        -9.14226e+00        -6.79043e+01
         1.24185e+01         6.89648e+00        -6.64184e+01
         1.24215e+01         1.56755e+01        -4.98094e+01
         1.24246e+01         1.83272e+01        -4.78250e+01
         1.24276e+01         1.96098e+01        -3.78734e+01
         1.24306e+01         2.17337e+01        -6.35779e+01
         1.24337e+01         2.85385e+01        -7.52924e+01
         1.24367e+01         4.03651e+01        -9.01798e+01
         1.24397e+01         1.78210e+01        -5.83236e+01
         1.24428e+01         1.14241e+01        -6.25414e+01
         1.24458e+01         2.89986e+01        -8.18806e+01
         1.24488e+01         5.07252e+01        -9.22920e+01
         1.24519e+01         6.49650e+01        -7.39475e+01
         1.24549e+01         6.72676e+01        -8.92887e+01
         1.24579e+01         6.35729e+01        -1.18330e+02
         1.24609e+01         3.14948e+01        -1.04199e+02
         1.24640e+01         1.88824e+01        -8.68913e+01
         1.24670e+01         5.83498e+00        -9.16488e+01
         1.24701e+01         3.27026e+01        -1.27153e+02
         1.24731e+01         2.30039e+01        -1.23863e+02
         1.24761e+01         2.06616e+01        -1.08897e+02
         1.24791e+01         1.29362e+01        -9.05514e+01
         1.24822e+01         5.38139e+01        -1.17560e+02
         1.24852e+01         5.44775e+01        -1.16741e+02
         1.24882e+01         4.69885e+01        -8.97107e+01
         1.24913e+01         1.62473e+01        -9.19733e+01
         1.24943e+01         3.48036e+01        -1.55368e+02
         1.24973e+01         1.67199e+01        -1.38407e+02
         1.25004e+01         1.42643e+01        -1.17105e+02
         1.25034e+01         1.93894e+01        -1.15734e+02
         1.25064e+01         6.24675e+01        -1.73158e+02
         1.25095e+01         5.25342e+01        -1.59839e+02
         1.25125e+01         2.13061e+01        -1.41470e+02
         1.25155e+01        -8.19115e+00        -1.22651e+02
         1.25186e+01         2.74360e+01        -1.73489e+02
         1.25216e+01         3.81329e+01        -1.80846e+02
         1.25246e+01         3.01697e+01        -1.55651e+02
         1.25276e+01         1.20443e+01        -1.29274e+02
         1.25307e+01         3.75098e+01        -1.85159e+02
         1.25337e+01         3.13738e+01        -1.68270e+02
         1.25368e+01         1.65855e+01        -1.40202e+02
         1.25398e+01        -3.82236e+00        -1.23744e+02
         1.25428e+01         2.05105e+01        -1.94356e+02
         1.25458e+01         2.53578e+01        -1.80339e+02
         1.25489e+01         1.31637e+01        -1.48906e+02
         1.25519e+01        -7.91550e+00        -1.30095e+02
         1.25549e+01         1.91175e+01        -1.89030e+02
         1.25580e+01         2.84217e+01        -1.77850e+02
         1.25610e+01         6.52735e+00        -1.43077e+02
         1.25640e+01        -1.18289e+01        -1.30465e+02
         1.25671e+01         1.96824e+01        -1.79864e+02
         1.25701e+01         3.98093e+01        -1.66014e+02
         1.25731e+01         2.08099e+01        -1.49388e+02
         1.25762e+01         3.11902e+00        -1.34869e+02
         1.25792e+01         2.71850e+01        -1.98491e+02
         1.25822e+01         4.69865e+01        -1.78945e+02
         1.25853e+01         2.08466e+01        -1.51106e+02
         1.25883e+01        -1.11096e+01        -1.29789e+02
         1.25913e+01        -2.63996e+00        -1.89674e+02
         1.25944e+01         1.67915e+01        -1.78368e+02
         1.25974e+01        -1.04134e+01        -1.39632e+02
         1.26004e+01        -4.04349e+01        -1.16886e+02
         1.26034e+01        -1.94489e+01        -1.63232e+02
         1.26065e+01         2.35325e+01        -1.77916e+02
         1.26095e+01         1.64446e+01        -1.57516e+02
         1.26125e+01         4.36083e+00        -1.37230e+02
         1.26156e+01         2.66039e+01        -1.64498e+02
         1.26186e+01         5.95487e+01        -1.59915e+02
         1.26216e+01         2.56225e+01        -1.34954e+02
         1.26247e+01        -1.46933e+01        -1.21195e+02
         1.26277e+01        -2.05646e+01        -1.88397e+02
         1.26307e+01         6.97898e+00        -1.97003e+02
         1.26337e+01        -1.56494e+01        -1.74157e+02
         1.26368e+01        -3.76542e+01        -1.52648e+02
         1.26398e+01        -2.35070e+01        -1.91793e+02
         1.26429e+01         1.98610e+01        -2.04523e+02
         1.26459e+01        -4.46638e+00        -1.47658e+02
         1.26489e+01        -1.94222e+01        -1.04486e+02
         1.26519e+01         1.08819e+01        -1.40785e+02
         1.26550e+01         7.81066e+01        -1.48722e+02
         1.26580e+01         5.54759e+01        -1.14808e+02
         1.26611e+01         3.00480e+01        -9.90509e+01
         1.26641e+01         4.81328e+01        -1.63253e+02
         1.26671e+01         9.79352e+01        -1.81237e+02
         1.26701e+01         5.82268e+01        -1.64043e+02
         1.26732e+01         5.51127e+00        -1.38764e+02
         1.26762e+01        -1.87964e+00        -1.98341e+02
         1.26793e+01         3.35389e+01        -2.03082e+02
         1.26823e+01        -2.17937e+01        -1.67266e+02
         1.26853e+01        -7.09478e+01        -1.18946e+02
         1.26883e+01        -5.08604e+01        -1.71633e+02
         1.26914e+01         1.72131e+01        -1.75748e+02
         1.26944e+01        -9.71902e-01        -1.19047e+02
         1.26974e+01        -3.04088e+01        -7.63835e+01
         1.27005e+01        -2.89830e+00        -1.33871e+02
         1.27035e+01         6.55555e+01        -1.64738e+02
         1.27065e+01         4.09339e+01        -1.19740e+02
         1.27096e+01         8.13177e+00        -7.44436e+01
         1.27126e+01         3.27821e+01        -1.42516e+02
         1.27156e+01         8.63245e+01        -1.70014e+02
         1.27186e+01         3.19150e+01        -1.41751e+02
         1.27217e+01        -3.12684e+01        -1.02529e+02
         1.27247e+01        -3.46136e+01        -1.77034e+02
         1.27278e+01         5.42530e+00        -1.98142e+02
         1.27308e+01        -2.01604e+01        -1.24294e+02
         1.27338e+01        -5.40504e+01        -4.98471e+01
         1.27368e+01        -2.85179e+01        -1.21374e+02
         1.27399e+01         3.37720e+01        -1.61253e+02
         1.27429e+01        -3.06452e-01        -1.18666e+02
         1.27459e+01        -7.28972e+01        -8.52963e+01
         1.27490e+01        -5.59350e+01        -1.51161e+02
         1.27520e+01         2.10194e+01        -1.84803e+02
         1.27550e+01         2.73674e+00        -1.04512e+02
         1.27581e+01        -5.29512e-01        -5.44801e+01
         1.27611e+01         5.38575e+01        -1.21463e+02
         1.27641e+01         1.11361e+02        -1.49878e+02
         1.27672e+01         4.13549e+01        -8.87869e+01
         1.27702e+01        -1.74488e+01        -5.07442e+01
         1.27732e+01         2.52789e+00        -1.46488e+02
         1.27762e+01         4.26018e+01        -1.62194e+02
         1.27793e+01        -1.27530e+01        -1.21834e+02
         1.27823e+01        -7.66575e+01        -6.95214e+01
         1.27854e+01        -4.38786e+01        -1.39752e+02
         1.27884e+01         1.28008e+01        -1.75758e+02
         1.27914e+01        -1.66612e+01        -1.18655e+02
         1.27944e+01        -5.39751e+01        -7.50126e+01
         1.27975e+01         4.15330e+00        -1.24606e+02
         1.28005e+01         6.77373e+01        -1.59415e+02
         1.28035e+01         2.32598e+01        -9.35296e+01
         1.28066e+01        -2.75295e+01        -5.10658e+01
         1.28096e+01         1.71846e+01        -1.56694e+02
         1.28126e+01         6.43935e+01        -1.95242e+02
         1.28157e+01         9.86307e+00        -1.20203e+02
         1.28187e+01        -5.19966e+01        -5.20170e+01
         1.28217e+01        -1.90123e+01        -1.40780e+02
         1.28247e+01         2.35186e+01        -1.64954e+02
         1.28278e+01        -3.42181e+01        -1.06483e+02
         1.28308e+01        -8.92255e+01        -4.98366e+01
         1.28339e+01        -4.14257e+01        -1.19931e+02
         1.28369e+01         1.43956e+01        -1.54902e+02
         1.28399e+01        -2.29950e+01        -9.07649e+01
         1.28429e+01        -5.88776e+01        -5.87849e+01
         1.28460e+01        -4.60037e+00        -1.38051e+02
         1.28490e+01         5.79240e+01        -1.67599e+02
         1.28521e+01         1.44353e+01        -1.01109e+02
         1.28551e+01        -2.89029e+01        -7.01329e+01
         1.28581e+01         1.21404e+01        -1.61146e+02
         1.28611e+01         5.63290e+01        -1.90881e+02
         1.28642e+01        -7.65744e+00        -1.27098e+02
         1.28672e+01        -5.62819e+01        -1.03332e+02
         1.28703e+01        -1.70204e+01        -1.75978e+02
         1.28733e+01         2.46066e+01        -2.00563e+02
         1.28763e+01        -3.61402e+01        -1.25936e+02
         1.28793e+01        -7.51976e+01        -1.15208e+02
         1.28824e+01        -2.99826e+01        -1.77313e+02
         1.28854e+01         2.00478e+01        -1.85014e+02
         1.28884e+01        -4.56127e+01        -1.08007e+02
         1.28915e+01        -8.67565e+01        -1.16283e+02
         1.28945e+01        -4.20187e+01        -1.75389e+02
         1.28975e+01         1.04981e+01        -1.78278e+02
         1.29006e+01        -5.12414e+01        -9.94858e+01
         1.29036e+01        -7.25418e+01        -1.11135e+02
         1.29066e+01        -3.14552e+01        -1.66840e+02
         1.29096e+01         1.33176e+01        -1.76184e+02
         1.29127e+01        -5.27810e+01        -1.11283e+02
         1.29157e+01        -6.88853e+01        -1.38500e+02
         1.29187e+01        -2.05552e+01        -1.82746e+02
         1.29218e+01         3.47890e+01        -1.76505e+02
         1.29248e+01        -3.71434e+01        -9.63068e+01
         1.29278e+01        -5.62883e+01        -1.35033e+02
         1.29309e+01        -2.83170e+01        -1.95936e+02
         1.29339e+01         8.27887e+00        -1.86387e+02
         1.29369e+01        -6.93973e+01        -1.10621e+02
         1.29400e+01        -7.76943e+01        -1.58981e+02
         1.29430e+01        -5.10463e+01        -1.99390e+02
         1.29460e+01        -6.65086e+00        -2.01330e+02
         1.29491e+01        -7.45593e+01        -1.05577e+02
         1.29521e+01        -6.48604e+01        -1.66582e+02
         1.29551e+01        -2.80403e+01        -2.06287e+02
         1.29582e+01         9.90851e+00        -1.75800e+02
         1.29612e+01        -6.81686e+01        -9.94195e+01
         1.29642e+01        -7.00273e+01        -1.48097e+02
         1.29672e+01        -4.38815e+01        -2.15430e+02
         1.29703e+01        -5.74301e+00        -1.91572e+02
         1.29733e+01        -6.21719e+01        -1.23677e+02
         1.29764e+01        -2.38065e+01        -1.78398e+02
         1.29794e+01         1.19252e+01        -2.41048e+02
         1.29824e+01         4.29049e+01        -2.35405e+02
         1.29854e+01        -4.63084e+01        -1.71651e+02
         1.29885e+01        -4.06776e+01        -2.53062e+02
         1.29915e+01        -1.56381e+01        -3.21283e+02
         1.29945e+01         1.17972e+01        -3.18255e+02
         1.29976e+01        -6.46080e+01        -2.16059e+02
         1.30006e+01        -4.06967e+01        -2.69511e+02
         1.30036e+01        -1.36882e+01        -3.58786e+02
         1.30067e+01         1.95771e+01        -3.21626e+02
         1.30097e+01        -5.65390e+01        -2.70655e+02
         1.30127e+01        -4.22548e+01        -2.96715e+02
         1.30157e+01        -1.66387e+01        -3.85060e+02
         1.30188e+01         1.11532e+01        -3.03163e+02
         1.30218e+01        -5.76935e+01        -2.72207e+02
         1.30249e+01        -1.50331e+01        -3.34181e+02
         1.30279e+01         3.86411e+01        -4.16255e+02
         1.30309e+01         4.81735e+01        -3.61173e+02
         1.30339e+01        -3.42546e+01        -3.53572e+02
         1.30370e+01        -1.16074e+01        -4.11132e+02
         1.30400e+01         1.87447e+01        -4.97504e+02
         1.30431e+01         1.06898e+01        -4.33375e+02
         1.30461e+01        -6.44629e+01        -4.51005e+02
         1.30491e+01        -3.16558e+01        -5.03919e+02
         1.30521e+01        -2.46092e+00        -5.93655e+02
         1.30552e+01        -1.93070e+01        -5.12531e+02
         1.30582e+01        -6.81130e+01        -5.44785e+02
         1.30612e+01        -2.03400e+01        -5.59577e+02
         1.30643e+01         6.00140e+01        -6.46037e+02
         1.30673e+01         4.52652e+01        -5.53885e+02
         1.30703e+01         8.15468e+00        -5.99636e+02
         1.30734e+01         1.56946e+01        -6.26443e+02
         1.30764e+01         6.59062e+01        -7.24147e+02
         1.30794e+01         1.09407e+01        -6.40479e+02
         1.30825e+01        -1.57795e+01        -7.11190e+02
         1.30855e+01         4.28638e+00        -7.40374e+02
         1.30885e+01         7.60844e+01        -8.06108e+02
         1.30916e+01        -1.05125e+01        -6.95336e+02
         1.30946e+01        -7.64552e+00        -7.45364e+02
         1.30976e+01        -3.34695e+01        -6.32159e+02
         1.31006e+01         7.57278e+01        -7.58223e+02
         1.31037e+01        -3.34277e+01        -7.14040e+02
         1.31067e+01        -4.46993e+01        -5.69228e+02
         1.31098e+01        -1.37404e+01        -6.51730e+02
         1.31128e+01         1.26693e+02        -8.52741e+02
         1.31158e+01         3.90087e+01        -7.56939e+02
         1.31188e+01        -2.08596e+00        -6.86906e+02
         1.31219e+01        -8.01611e+00        -7.03407e+02
         1.31249e+01         6.60826e+01        -7.94245e+02
         1.31279e+01        -1.08328e+01        -7.08172e+02
         1.31310e+01        -1.71136e+01        -7.84142e+02
         1.31340e+01         6.98136e+01        -7.92067e+02
         1.31370e+01         1.53551e+02        -9.51652e+02
         1.31401e+01         6.24072e+01        -7.39060e+02
         1.31431e+01         1.04716e-01        -6.31228e+02
         1.31461e+01         2.34162e+01        -6.41960e+02
         1.31492e+01         1.02124e+02        -7.70264e+02
         1.31522e+01         5.09456e+01        -7.68183e+02
         1.31552e+01         1.37069e+01        -6.94995e+02
         1.31582e+01         4.09115e+01        -7.31686e+02
         1.31613e+01         6.24238e+01        -7.44036e+02
         1.31643e+01         2.05547e+01        -6.92079e+02
         1.31674e+01        -1.73563e+00        -7.37665e+02
         1.31704e+01        -4.62191e+01        -4.88840e+02
         1.31734e+01        -1.15302e+02        -1.26728e+02
         1.31764e+01        -9.14916e+01        -1.80383e+02
         1.31795e+01        -1.38329e+02        -1.77985e+02
         1.31825e+01        -1.28571e+02        -2.89463e+02
         1.31855e+01        -2.18615e+02        -2.06954e+02
         1.31886e+01        -1.21583e+02        -3.84121e+02
         1.31916e+01        -2.36523e+02        -6.44860e+01
         1.31946e+01        -8.81674e+01        -3.22618e+02
         1.31977e+01        -1.23870e+01        -4.48901e+02
         1.32007e+01        -2.56339e+02         7.10203e+00
         1.32037e+01        -1.76017e+02        -1.63895e+02
         1.32068e+01        -7.88618e+01        -3.78411e+02
         1.32098e+01         5.39379e+01        -4.60180e+02
         1.32128e+01        -6.57200e+01        -2.64079e+02
         1.32159e+01        -6.57429e+01        -9.82692e+01
         1.32189e+01        -2.40874e+02         2.89848e+01
         1.32219e+01        -1.43291e+02        -1.90770e+02
         1.32249e+01        -3.63375e+01        -2.54409e+02
         1.32280e+01         1.82393e+01        -2.01554e+02
         1.32310e+01        -2.55891e+02         1.10462e+02
         1.32341e+01        -1.52738e+02        -5.11981e+01
         1.32371e+01        -9.72413e+01        -2.45698e+02
         1.32401e+01        -6.36034e+01        -1.71861e+02
         1.32431e+01        -1.59977e+02         4.77655e+01
         1.32462e+01        -3.37760e+02         3.22299e+02
         1.32492e+01        -1.05825e+02        -1.01500e+02
         1.32523e+01         8.11674e+01        -4.09884e+02
         1.32553e+01        -1.63456e+02        -2.16058e+02
         1.32583e+01         3.63705e+01        -2.01797e+02
         1.32613e+01        -2.05362e+01         1.04494e+02
         1.32644e+01        -6.42364e+01         9.24085e+01
         1.32674e+01        -8.14119e+01         1.21716e+02
         1.32704e+01        -1.91312e+00         2.88367e+01
         1.32735e+01        -1.84546e+02         7.35301e+01
         1.32765e+01        -6.15645e+01        -2.04864e+02
         1.32795e+01        -9.23927e+00        -4.27924e+02
         1.32826e+01        -1.26173e+02        -1.16108e+02
         1.32856e+01        -1.75463e+02         6.57816e+00
         1.32886e+01        -1.69142e+02        -2.92990e+00
         1.32916e+01        -5.77905e+01        -8.63031e+01
         1.32947e+01        -5.75788e+01         1.92939e+02
         1.32977e+01        -2.20609e+01         1.54937e+02
         1.33007e+01        -6.03033e+01         1.25863e+02
         1.33038e+01        -6.78556e+01         2.12338e+02
         1.33068e+01         2.74168e-01         3.65756e+02
         1.33098e+01         1.28173e+02         1.57934e+02
         1.33129e+01         4.23288e+01        -9.93594e+01
         1.33159e+01        -2.68690e+01        -4.74726e+01
         1.33189e+01        -4.94499e+01        -4.08148e+01
         1.33220e+01        -8.46342e+01        -1.23183e+00
         1.33250e+01        -1.07336e+02         1.41147e+02
         1.33280e+01        -2.35231e+01         2.76906e+02
         1.33311e+01        -8.29511e+01         2.69895e+02
         1.33341e+01        -8.20415e+01        -3.78960e+02
         1.33371e+01        -2.37135e+02         5.81843e+00
         1.33402e+01        -5.65692e+01         2.46733e+02
         1.33432e+01         9.48120e+01         1.68311e+02
         1.33462e+01         3.48324e+01        -1.28797e+02
         1.33493e+01        -1.59123e+02         3.05097e+02
         1.33523e+01        -2.55679e+02         6.71203e+02
         1.33553e+01        -2.54817e+02         5.77141e+02
         1.33584e+01        -1.38368e+02         5.90211e+02
         1.33614e+01        -2.91486e+01         4.37615e+02
         1.33644e+01        -3.81916e+01         4.87304e+02
         1.33674e+01        -1.60703e+02         4.15919e+02
         1.33705e+01         5.08132e+01        -1.18299e+02
         1.33735e+01        -5.03218e+01         1.16869e+02
         1.33765e+01        -2.21550e+02         1.71636e+02
         1.33796e+01        -2.93135e+02         8.00007e+02
         1.33826e+01        -1.39208e+02         6.50130e+02
         1.33856e+01         5.18839e+01         3.51253e+02
         1.33887e+01        -1.55495e+02         3.34676e+02
         1.33917e+01        -2.88247e+02         3.85980e+02
         1.33947e+01        -1.54434e+02         4.73482e+02
         1.33978e+01        -5.12737e+01         5.83348e+02
         1.34008e+01         3.92979e+01         6.41585e+02
         1.34038e+01         1.06664e+02         8.05424e+02
         1.34069e+01         6.08983e+01         7.04866e+02
         1.34099e+01        -1.31208e+02         4.55086e+02
         1.34129e+01        -2.24288e+02         4.13578e+02
         1.34159e+01        -2.71042e+02         5.22253e+02
         1.34190e+01        -2.56636e+02         6.29753e+02
         1.34220e+01        -1.34744e+02         4.82368e+02
         1.34251e+01        -1.50644e+01         3.16020e+02
         1.34281e+01        -1.42776e+02         6.91449e+01
         1.34311e+01        -8.45825e+01        -7.07425e+02
         1.34341e+01        -5.77362e+01        -9.62715e+02
         1.34372e+01        -1.78918e+02        -7.93967e+01
         1.34402e+01        -2.06999e+02         5.14444e+02
         1.34432e+01        -1.95379e+02         1.66459e+02
         1.34463e+01        -8.84226e+01         7.79651e+01
         1.34493e+01         3.69742e+00         1.99709e+02
         1.34523e+01        -4.30927e+01         2.58736e+02
         1.34554e+01        -4.96365e+01         4.06046e+02
         1.34584e+01        -1.51675e+02         5.55544e+02
         1.34614e+01        -1.80694e+02         2.92885e+02
         1.34645e+01         1.00571e+01         1.97948e+02
         1.34675e+01        -1.18054e+02         2.19751e+02
         1.34705e+01        -1.04263e+02         5.80512e+01
         1.34736e+01        -1.79450e+02         3.54888e+02
         1.34766e+01        -1.37580e+02         6.15173e+02
         1.34796e+01        -1.23253e+02         7.18692e+02
         1.34826e+01         1.04902e+02         4.79530e+02
         1.34857e+01         2.48593e+02         5.47576e+02
         1.34887e+01         4.87996e+02         3.75520e+02
         1.34918e+01         4.13686e+02         3.06591e+02
         1.34948e+01         1.69745e+02         2.75706e+02
         1.34978e+01         9.29485e+01        -1.31814e+02
         1.35008e+01         2.28191e+02         1.66007e+02
         1.35039e+01         1.97264e+02         4.01644e+02
         1.35069e+01         1.03671e+02         6.07983e+02
         1.35099e+01         4.02181e+01         7.69690e+02
         1.35130e+01         4.92657e+01         6.18971e+02
         1.35160e+01         2.93789e+01         7.14675e+02
         1.35190e+01         5.06207e+01         4.50277e+02
         1.35221e+01         5.53856e+01         1.51956e+02
         1.35251e+01         2.32315e+02        -1.13097e+02
         1.35281e+01         2.37467e+02         2.87070e+02
         1.35312e+01         1.81871e+02         2.51154e+02
         1.35342e+01         7.81143e+01         2.73201e+02
         1.35372e+01         8.96928e+01         4.42115e+01
         1.35403e+01         9.61609e+01        -3.25161e+02
         1.35433e+01         3.17421e+01        -4.03715e+02
         1.35463e+01         4.86627e+00        -4.16682e+02
         1.35494e+01        -1.55495e+01        -4.10941e+01
         1.35524e+01         1.61088e+02         1.12615e+02
         1.35554e+01         9.53978e+01         5.70551e+02
         1.35584e+01        -8.52145e+01         5.74463e+02
         1.35615e+01        -3.30942e+02         5.14729e+02
         1.35645e+01        -1.87801e+02         2.78828e+02
         1.35675e+01         1.63593e+02         1.03826e+02
         1.35706e+01         2.83637e+02         3.84658e+02
         1.35736e+01         1.37400e+02         3.91340e+02
         1.35766e+01         2.10493e+00         2.27389e+02
         1.35797e+01        -1.37530e+00         3.41490e+02
         1.35827e+01        -8.26321e+01         5.33866e+02
         1.35857e+01        -2.23082e+01         4.41232e+02
         1.35887e+01         5.33058e+01         4.44425e+02
         1.35918e+01        -1.10751e+02         7.14385e+02
         1.35948e+01        -5.10915e+01         5.23912e+02
         1.35979e+01         1.00526e+01         4.48222e+02
         1.36009e+01         1.58818e+02         5.42121e+02
         1.36039e+01         1.47339e+02         6.93131e+02
         1.36069e+01         1.49783e+02         6.40295e+02
         1.36100e+01         7.99965e+01         7.58522e+02
         1.36130e+01         3.71407e+01         9.36812e+02
         1.36161e+01        -4.77403e+01         7.87424e+02
         1.36191e+01        -1.66653e+02         7.08722e+02
         1.36221e+01        -2.36178e+02         6.18642e+02
         1.36251e+01        -5.11853e+01         4.25925e+02
         1.36282e+01         2.41665e+01         5.57316e+02
         1.36312e+01         2.64534e+01         9.32546e+02
         1.36343e+01         1.07806e+02         9.46283e+02
         1.36373e+01         1.24336e+02         1.02524e+03
         1.36403e+01         4.17175e+01         9.39766e+02
         1.36433e+01         8.38268e+01         7.12909e+02
         1.36464e+01         3.18320e+01         6.23056e+02
         1.36494e+01        -1.30656e+02         7.47331e+02
         1.36524e+01        -1.67755e+02         7.80507e+02
         1.36555e+01        -1.40011e+02         7.67714e+02
         1.36585e+01        -1.88020e+02         7.45374e+02
         1.36615e+01        -2.42314e+02         6.00255e+02
         1.36646e+01         2.16810e+01         5.31084e+02
         1.36676e+01         4.97863e+02         7.76864e+02
         1.36706e+01         4.88137e+02         8.05533e+02
         1.36736e+01         6.94043e+01         1.24005e+03
         1.36767e+01        -1.32775e+02         9.40021e+02
         1.36797e+01        -1.34711e+02         9.05217e+02
         1.36828e+01        -2.49515e+02         2.06855e+03
         1.36858e+01        -3.05654e+02         1.44042e+03
         1.36888e+01        -9.38817e+01         8.11411e+02
         1.36918e+01         1.22394e+01         6.65741e+02
         1.36949e+01         8.65053e+00         7.99979e+02
         1.36979e+01        -2.86654e+01         4.10584e+02
         1.37009e+01         1.05319e+02        -2.42708e+00
         1.37040e+01        -2.18888e+01         5.37541e+01
         1.37070e+01        -1.21858e+02         1.22836e+02
         1.37100e+01        -1.56649e+02         3.12172e+02
         1.37131e+01         5.67451e+01         8.52957e+02
         1.37161e+01         3.29321e+02         1.03025e+03
         1.37191e+01         2.26196e+02         7.42438e+02
         1.37222e+01         5.62111e+01         5.29276e+02
         1.37252e+01        -1.74997e+02         6.34599e+02
         1.37282e+01        -1.58302e+02         4.19665e+02
         1.37312e+01        -8.77250e+01         4.73603e+02
         1.37343e+01        -5.97711e+01         6.20866e+02
         1.37373e+01         3.87776e+01         5.08691e+02
         1.37404e+01         7.17224e+01         6.07870e+02
         1.37434e+01         4.19253e+01         7.49411e+02
         1.37464e+01         9.34299e+01         4.54490e+02
         1.37494e+01        -1.22888e+02         6.62168e+02
         1.37525e+01        -6.94794e+01         7.77265e+02
         1.37555e+01        -5.64495e+01         8.63110e+02
         1.37585e+01        -1.59986e+02         8.15628e+02
         1.37616e+01        -1.93227e+02         7.05998e+02
         1.37646e+01        -5.24815e+01         3.59498e+02
         1.37676e+01        -1.01296e+02         9.97095e+02
         1.37707e+01        -9.77885e+01         8.38710e+02
         1.37737e+01        -2.44561e+01         8.57096e+02
         1.37767e+01         4.47977e+02         1.29292e+03
         1.37797e+01         7.39008e+02         7.83137e+02
         1.37828e+01         3.97566e+02         9.78732e+02
         1.37858e+01        -1.41517e+02         5.98240e+02
         1.37889e+01        -2.82755e+02         2.94035e+02
         1.37919e+01        -3.12924e+02         6.02334e+02
         1.37949e+01        -2.37413e+02         5.75675e+02
         1.37979e+01         7.82000e+01         6.24110e+02
         1.38010e+01         1.31159e+02         3.77758e+02
         1.38040e+01        -8.62417e+01         4.55942e+02
         1.38071e+01        -1.72984e+02         8.97906e+02
         1.38101e+01        -2.45497e+02         1.16432e+03
         1.38131e+01        -7.30229e+01         6.76566e+02
         1.38161e+01        -3.04010e+00         4.43779e+02
         1.38192e+01         1.14046e+02         4.51972e+02
         1.38222e+01         2.85333e+00         7.02007e+02
         1.38252e+01         3.19454e+01         6.78104e+02
         1.38283e+01        -1.15942e+01         8.06518e+02
         1.38313e+01        -2.67525e+02         8.68004e+02
         1.38343e+01        -4.47433e+02         5.59283e+02
         1.38374e+01        -4.05627e+02         3.70212e+02
         1.38404e+01        -3.77289e+02         2.99182e+02
         1.38434e+01        -7.31116e+01         1.65577e+02
         1.38464e+01         1.71672e+02         3.35139e+02
         1.38495e+01         7.99832e+01         3.50686e+02
         1.38525e+01         6.20818e+01         1.21588e+02
         1.38556e+01         1.33852e+02        -2.09717e+02
         1.38586e+01         5.82844e+01         6.14521e+01
         1.38616e+01        -1.00577e+02         8.98490e+02
         1.38646e+01         5.29974e+01         1.11257e+03
         1.38677e+01         6.09826e+01         8.26147e+02
         1.38707e+01         3.22695e+01         7.26670e+02
         1.38737e+01        -6.96701e+01         8.58021e+02
         1.38768e+01        -6.79364e+01         1.02042e+03
         1.38798e+01         5.50715e+01         9.67311e+02
         1.38828e+01         1.12236e+02         8.09707e+02
         1.38859e+01         8.62001e+01         6.98656e+02
         1.38889e+01        -6.59379e+01         8.04094e+02
         1.38919e+01        -4.30495e+01         8.14913e+02
         1.38950e+01        -2.16964e+00         8.56557e+02
         1.38980e+01        -7.13082e+01         8.47257e+02
         1.39010e+01        -1.53548e+02         6.17348e+02
         1.39041e+01        -2.39870e+02         6.04346e+02
         1.39071e+01        -2.21365e+02         5.42006e+02
         1.39101e+01        -1.91074e+02         5.49427e+02
         1.39132e+01        -5.08076e+01         6.93230e+02
         1.39162e+01         1.08458e+02         5.15079e+02
         1.39192e+01         2.36614e+02         4.34467e+02
         1.39223e+01         3.79973e+02         6.27307e+02
         1.39253e+01         3.00636e+02         6.89190e+02
         1.39283e+01         1.26868e+02         5.65481e+02
         1.39313e+01        -1.68476e+01         5.86416e+02
         1.39344e+01        -1.15862e+02         6.75858e+02
         1.39374e+01        -1.42233e+02         6.57172e+02
         1.39404e+01        -1.44615e+02         5.03026e+02
         1.39435e+01        -1.45367e+02         5.10034e+02
         1.39465e+01        -2.52054e+02         5.85058e+02
         1.39495e+01        -1.96298e+02         4.61503e+02
         1.39526e+01        -4.13865e+01         4.26870e+02
         1.39556e+01         5.65136e+01         5.09587e+02
         1.39586e+01         1.02844e+02         5.94582e+02
         1.39617e+01         1.33892e+02         5.47713e+02
         1.39647e+01         1.66190e+02         6.37526e+02
         1.39677e+01         9.15835e+01         8.33085e+02
         1.39707e+01        -1.97241e+01         8.52407e+02
         1.39738e+01         1.00730e+01         7.44101e+02
         1.39768e+01        -9.89900e+01         5.28145e+02
         1.39799e+01         1.03196e-01         2.79516e+02
         1.39829e+01         1.18467e+02         3.27406e+02
         1.39859e+01         1.13829e+02         3.80504e+02
         1.39889e+01         1.37221e+02         6.78825e+02
         1.39920e+01         8.43631e+01         9.11378e+02
         1.39950e+01        -4.65606e+01         8.22391e+02
         1.39981e+01        -8.78980e+01         6.32416e+02
