         6.00161e+00         9.70383e+01        -5.17443e+02
         6.00467e+00         2.88554e+02        -5.43988e+02
         6.00769e+00         2.14440e+02        -4.67279e+02
         6.01072e+00         1.54690e+02        -4.03452e+02
         6.01375e+00         1.01232e+02        -7.28862e+02
         6.01678e+00         4.21850e+01        -7.42075e+02
         6.01981e+00        -7.89909e+01        -6.74818e+02
         6.02283e+00        -1.36095e+02        -7.20353e+02
         6.02586e+00         1.84179e+02        -8.19396e+02
         6.02892e+00         3.12947e+02        -6.36999e+02
         6.03194e+00         3.14051e+02        -6.27025e+02
         6.03497e+00         3.35479e+02        -6.15043e+02
         6.03800e+00         1.54957e+02        -7.50721e+02
         6.04103e+00         2.03661e+02        -6.88430e+02
         6.04406e+00         1.14994e+02        -5.02858e+02
         6.04708e+00         1.98641e+02        -4.65170e+02
         6.05011e+00         3.70365e+02        -7.39031e+02
         6.05314e+00         1.95789e+02        -8.09344e+02
         6.05619e+00         3.25430e+02        -9.18396e+02
         6.05922e+00         3.30621e+02        -9.06593e+02
         6.06225e+00         2.50572e+02        -8.84600e+02
         6.06528e+00         1.71572e+02        -8.20444e+02
         6.06831e+00         1.57131e+02        -7.39941e+02
         6.07133e+00         2.38602e+02        -5.86681e+02
         6.07436e+00         3.48171e+02        -3.78156e+02
         6.07739e+00         4.04926e+02        -2.75252e+02
         6.08044e+00         3.05639e+02        -4.13179e+02
         6.08347e+00         2.40875e+02        -7.61660e+02
         6.08650e+00         6.95890e+01        -7.28716e+02
         6.08953e+00         2.05743e+01        -5.65333e+02
         6.09256e+00         1.60409e+02        -6.28305e+02
         6.09558e+00         2.90292e+02        -6.43260e+02
         6.09861e+00         3.28239e+02        -6.48365e+02
         6.10164e+00         3.53112e+02        -7.21804e+02
         6.10467e+00         1.90797e+02        -7.57903e+02
         6.10772e+00         1.85280e+02        -9.12788e+02
         6.11075e+00         1.81983e+02        -9.86482e+02
         6.11378e+00         1.24273e+02        -8.78835e+02
         6.11681e+00         8.76157e+01        -9.79923e+02
         6.11983e+00        -1.47961e+02        -1.04943e+03
         6.12286e+00        -1.22812e+02        -9.68438e+02
         6.12589e+00         1.17248e+02        -4.83072e+02
         6.12892e+00         3.46924e+02        -5.94577e+01
         6.13194e+00         1.67080e+02        -1.77256e+02
         6.13500e+00        -5.04955e+01        -3.96289e+02
         6.13803e+00        -1.09138e+02        -6.53625e+02
         6.14106e+00        -1.61478e+02        -7.17886e+02
         6.14408e+00         8.67795e+01        -6.71924e+02
         6.14711e+00         1.30101e+02        -6.21261e+02
         6.15014e+00         5.91243e+01        -4.73128e+02
         6.15317e+00         1.30390e+02        -4.55430e+02
         6.15619e+00         2.11537e+02        -4.75788e+02
         6.15925e+00         1.33164e+02        -4.87881e+02
         6.16228e+00         1.67911e+02        -6.36755e+02
         6.16531e+00         2.67472e+02        -7.17557e+02
         6.16833e+00         2.68604e+01        -5.88693e+02
         6.17136e+00        -4.83624e+02         2.67212e+02
         6.17439e+00         5.53999e+01        -1.71172e+02
         6.17742e+00         9.60450e+01         3.66554e+01
         6.18044e+00         1.97567e+01         5.10106e+01
         6.18347e+00         3.78866e+01        -5.64727e+01
         6.18653e+00         4.56761e+01        -4.19725e+01
         6.18956e+00         2.11069e+02        -4.01972e+02
         6.19258e+00        -1.79111e+02        -5.29006e+02
         6.19561e+00        -1.66677e+02        -2.62563e+02
         6.19864e+00         8.31409e+01        -6.24415e+02
         6.20167e+00         1.41894e+02        -5.34928e+02
         6.20469e+00         3.88589e+01        -3.93543e+02
         6.20772e+00         4.59097e+01        -2.64892e+02
         6.21075e+00         2.08055e+02        -3.44305e+02
         6.21381e+00        -2.39369e+01        -2.28796e+02
         6.21683e+00         4.84662e+01        -5.67206e+02
         6.21986e+00         2.12577e+01        -7.15558e+02
         6.22289e+00        -1.04444e-01        -7.93782e+02
         6.22592e+00        -3.43501e+02        -6.08527e+02
         6.22894e+00        -4.40224e+02        -8.02788e+02
         6.23197e+00        -2.34122e+02        -6.21049e+02
         6.23500e+00        -2.46570e+02        -5.15875e+02
         6.23806e+00        -9.35893e+01        -4.73915e+02
         6.24108e+00         1.53500e+02        -8.93755e+02
         6.24411e+00        -1.17711e+02        -7.57046e+02
         6.24714e+00        -7.04487e+01        -8.67784e+02
         6.25017e+00         6.45038e+01        -8.93952e+02
         6.25319e+00         3.13794e+02        -6.85249e+02
         6.25622e+00         2.19526e+02        -3.08959e+02
         6.25925e+00         5.94901e+01        -3.63937e+02
         6.26228e+00        -1.35692e+01        -5.77341e+02
         6.26533e+00        -8.33283e+01        -6.33027e+02
         6.26836e+00         8.52498e+01        -5.09774e+02
         6.27139e+00         1.24481e+02        -4.14479e+02
         6.27442e+00         1.39357e+02        -2.43808e+02
         6.27744e+00         1.81433e+02        -3.44275e+02
         6.28047e+00         3.20105e+01        -5.08274e+02
         6.28350e+00        -5.89304e+01        -5.38064e+02
         6.28653e+00        -1.62608e+02        -6.67873e+02
         6.28958e+00        -3.20228e+02        -5.83436e+02
         6.29261e+00        -1.23080e+02        -4.62767e+02
         6.29564e+00         6.99873e+01        -4.29530e+02
         6.29867e+00         1.27955e+02        -5.70192e+02
         6.30169e+00         4.02275e+00        -7.49170e+02
         6.30472e+00        -8.17259e+01        -7.15990e+02
         6.30775e+00        -6.05348e+00        -5.06085e+02
         6.31078e+00         1.71609e+01        -3.78897e+02
         6.31381e+00         1.40460e+01        -2.53073e+02
         6.31686e+00         9.70338e+01        -3.80691e+02
         6.31989e+00        -1.76872e+01        -5.55109e+02
         6.32292e+00        -1.07402e+02        -5.12557e+02
         6.32594e+00         5.64001e+01        -7.48264e+02
         6.32897e+00        -3.64837e+01        -5.45564e+02
         6.33200e+00         5.51117e+01        -4.36596e+02
         6.33503e+00         1.25075e+02        -5.89419e+02
         6.33806e+00        -8.59798e+01        -6.02016e+02
         6.34111e+00        -1.30575e+02        -5.72389e+02
         6.34414e+00        -9.38265e+01        -5.82986e+02
         6.34717e+00        -9.12480e+01        -4.96818e+02
         6.35019e+00         2.79420e+01        -5.64908e+02
         6.35322e+00         1.50688e+02        -4.10099e+02
         6.35625e+00         2.34921e+02        -4.02287e+02
         6.35928e+00         1.38369e+02        -4.04571e+02
         6.36231e+00         6.44619e+01        -5.10513e+02
         6.36533e+00        -7.55929e+01        -4.67450e+02
         6.36839e+00        -5.79019e+01        -3.95690e+02
         6.37142e+00         1.53573e+01        -4.14952e+02
         6.37444e+00         2.73110e+01        -2.24470e+02
         6.37747e+00         8.09847e+01        -4.40380e+02
         6.38050e+00        -1.04015e+02        -3.96190e+02
         6.38353e+00        -1.23343e+02        -4.41250e+02
         6.38656e+00        -1.58669e+02        -5.03557e+02
         6.38958e+00        -2.18485e+01        -4.01395e+02
         6.39261e+00         9.02331e+01        -4.47205e+02
         6.39567e+00         5.92301e+01        -5.01357e+02
         6.39869e+00        -1.02120e+01        -5.97660e+02
         6.40172e+00        -5.05807e+01        -8.58492e+02
         6.40475e+00        -3.21054e+02        -8.84874e+02
         6.40778e+00        -1.04437e+02        -4.17873e+02
         6.41081e+00         1.53806e+02        -6.32922e+02
         6.41383e+00         2.58247e+01        -7.07440e+02
         6.41686e+00        -6.53866e-01        -5.16220e+02
         6.41992e+00         1.16399e+02        -4.94314e+02
         6.42294e+00         1.18564e+02        -5.22011e+02
         6.42597e+00         1.30101e+02        -7.44173e+02
         6.42900e+00         2.10771e+01        -8.65724e+02
         6.43203e+00        -1.64927e+02        -8.25148e+02
         6.43506e+00        -7.20210e+01        -7.62936e+02
         6.43808e+00         6.10050e+01        -8.72001e+02
         6.44111e+00         9.45051e+01        -5.59776e+02
         6.44414e+00         1.77443e+00        -2.42912e+02
         6.44719e+00        -3.86314e+01        -5.21767e+02
         6.45022e+00         4.58724e+01        -9.61398e+02
         6.45325e+00         1.16938e+02        -8.66901e+02
         6.45628e+00         6.01088e+01        -6.40300e+02
         6.45931e+00        -6.33631e+01        -3.45977e+02
         6.46233e+00        -7.67699e+01        -2.71700e+02
         6.46536e+00        -1.49149e+02        -3.37674e+02
         6.46839e+00        -1.68329e+01        -5.70998e+02
         6.47142e+00         1.65259e+02        -3.49238e+02
         6.47447e+00         1.84312e+02        -2.24213e+02
         6.47750e+00         1.28555e+02        -2.89113e+02
         6.48053e+00         3.42295e+01        -2.67682e+02
         6.48356e+00        -1.87515e+00        -3.11458e+02
         6.48658e+00        -1.01194e+01        -2.99754e+02
         6.48961e+00         5.83961e+01        -3.22058e+02
         6.49264e+00        -3.58777e+01        -3.51504e+02
         6.49567e+00        -1.92958e+02        -4.34635e+02
         6.49872e+00        -3.40611e+02        -5.42634e+02
         6.50175e+00        -3.77291e+02        -4.62290e+02
         6.50478e+00        -2.89202e+02        -4.80300e+02
         6.50781e+00        -1.52779e+02        -2.80220e+02
         6.51083e+00        -5.20028e+00        -2.01665e+02
         6.51386e+00         1.56715e+02        -1.18125e+02
         6.51689e+00         2.53096e+02        -1.92358e+02
         6.51992e+00         5.72749e+01        -2.78247e+02
         6.52294e+00        -2.06723e+02        -7.78065e+01
         6.52600e+00        -1.68421e+02        -4.55554e+02
         6.52903e+00        -6.46302e+01        -5.32050e+02
         6.53206e+00         2.25825e+01        -3.77755e+02
         6.53508e+00         1.79754e+01        -1.88227e+02
         6.53811e+00         6.87112e+00        -2.76317e+02
         6.54114e+00         4.31169e+01        -3.76281e+02
         6.54417e+00        -1.09574e+02        -4.53932e+02
         6.54719e+00        -1.50558e+02        -5.03349e+02
         6.55025e+00        -6.49211e+01        -5.76482e+02
         6.55328e+00        -4.66175e+01        -5.39570e+02
         6.55631e+00         4.25046e+01        -4.41611e+02
         6.55933e+00         1.47289e+02        -2.72237e+02
         6.56236e+00         1.90014e+02        -3.88630e+02
         6.56539e+00         1.05580e+02        -5.55237e+02
         6.56842e+00         1.16319e+01        -5.24120e+02
         6.57144e+00         5.66455e+01        -5.97366e+02
         6.57447e+00         1.39836e+02        -5.89790e+02
         6.57753e+00         6.99487e+01        -6.36161e+02
         6.58056e+00         5.97175e+01        -5.70284e+02
         6.58358e+00         8.11940e+01        -4.80224e+02
         6.58661e+00         7.65133e+01        -4.95333e+02
         6.58964e+00         9.50215e+01        -5.83987e+02
         6.59267e+00         6.69140e+01        -5.81016e+02
         6.59569e+00         7.78485e+01        -5.96991e+02
         6.59872e+00         1.90359e+02        -5.91253e+02
         6.60175e+00         5.49091e+01        -5.54545e+02
         6.60481e+00         1.10101e+02        -5.39319e+02
         6.60783e+00         1.91614e+02        -5.66348e+02
         6.61086e+00         9.69591e+00        -5.72791e+02
         6.61389e+00        -5.75791e+01        -6.79855e+02
         6.61692e+00        -2.01954e+01        -7.05958e+02
         6.61994e+00         1.68956e+02        -5.81369e+02
         6.62297e+00         2.09044e+02        -5.25386e+02
         6.62600e+00         1.57345e+02        -5.24389e+02
         6.62906e+00         4.82171e+01        -5.67446e+02
         6.63208e+00        -2.22413e+01        -6.30430e+02
         6.63511e+00        -6.20689e+00        -6.09354e+02
         6.63814e+00        -2.14971e+01        -5.49418e+02
         6.64117e+00         2.48208e+01        -4.67567e+02
         6.64419e+00         8.83314e+01        -4.15735e+02
         6.64722e+00         2.29919e+02        -3.99493e+02
         6.65025e+00         1.86384e+02        -4.65739e+02
         6.65328e+00        -8.12826e+01        -5.22969e+02
         6.65633e+00        -1.58530e+02        -5.57574e+02
         6.65936e+00        -9.35424e+01        -5.43449e+02
         6.66239e+00        -1.78488e+01        -4.29111e+02
         6.66542e+00        -2.52983e+01        -4.11686e+02
         6.66844e+00        -5.42922e+01        -4.02250e+02
         6.67147e+00        -4.14178e+01        -3.42437e+02
         6.67450e+00         5.40590e+00        -3.31911e+02
         6.67753e+00         5.24492e+01        -2.97737e+02
         6.68058e+00         3.76312e+01        -5.50391e+02
         6.68361e+00        -3.06094e+01        -5.48879e+02
         6.68664e+00        -1.19458e+00        -3.85521e+02
         6.68967e+00         1.17068e+01        -3.36366e+02
         6.69269e+00        -3.37784e+00        -4.28010e+02
         6.69572e+00        -2.18014e+01        -4.42891e+02
         6.69875e+00         2.46390e+01        -3.89386e+02
         6.70178e+00         2.65426e+01        -3.01956e+02
         6.70481e+00         7.92360e+01        -3.29158e+02
         6.70786e+00         5.27563e+01        -4.39761e+02
         6.71089e+00         3.28632e+01        -4.30174e+02
         6.71392e+00         4.18214e+01        -3.97218e+02
         6.71694e+00         3.74211e+00        -4.47580e+02
         6.71997e+00         3.39500e+01        -4.69322e+02
         6.72300e+00         8.06871e+01        -3.26057e+02
         6.72603e+00         5.61503e+01        -4.14924e+02
         6.72906e+00         4.64325e+01        -4.23134e+02
         6.73208e+00         8.33468e-01        -3.78784e+02
         6.73514e+00         2.58354e+01        -3.20522e+02
         6.73817e+00        -3.83172e+01        -2.08251e+02
         6.74119e+00        -1.15941e+01        -3.38152e+02
         6.74422e+00        -4.62596e+01        -2.96402e+02
         6.74725e+00        -1.95495e+01        -3.99420e+02
         6.75028e+00         1.71583e+01        -3.35876e+02
         6.75331e+00         1.74993e+01        -2.71826e+02
         6.75633e+00         2.27241e+01        -3.51315e+02
         6.75939e+00        -5.04431e+01        -4.70124e+02
         6.76242e+00        -2.61638e+01        -4.09714e+02
         6.76544e+00         1.76852e+01        -2.44020e+02
         6.76847e+00         4.72521e+01        -1.81921e+02
         6.77150e+00         1.05521e+02        -4.87899e+02
         6.77453e+00         7.43207e+01        -3.61611e+02
         6.77756e+00        -7.10570e+01        -4.19747e+02
         6.78058e+00        -1.62394e+02        -4.48982e+02
         6.78361e+00         4.56222e+01        -4.45791e+02
         6.78667e+00         1.28393e+01        -3.92897e+02
         6.78969e+00         1.94718e+00        -1.60364e+02
         6.79272e+00         5.27885e+01        -2.32440e+01
         6.79575e+00         8.04388e+01        -2.34064e+02
         6.79878e+00         4.63411e+01        -2.97130e+02
         6.80181e+00         1.42312e+01        -5.16930e+02
         6.80483e+00        -1.21889e+02        -6.71321e+02
         6.80786e+00        -1.77479e+02        -4.50347e+02
         6.81092e+00        -3.76258e+01        -3.59546e+02
         6.81394e+00         9.64548e+00        -1.65571e+02
         6.81697e+00         5.92528e+01        -1.85034e+02
         6.82000e+00         1.04459e+02        -3.28020e+02
         6.82303e+00         9.90443e+01        -4.73703e+02
         6.82606e+00         1.42304e+02        -5.98603e+02
         6.82908e+00         1.16830e+02        -6.01120e+02
         6.83211e+00         4.90505e+01        -2.41659e+02
         6.83514e+00         2.35892e+02         1.01068e+02
         6.83819e+00         2.13609e+02        -8.01108e+02
         6.84122e+00         1.21648e+02        -3.20127e+02
         6.84425e+00         1.35592e+02        -5.21397e+02
         6.84728e+00         7.58930e+01        -2.25388e+02
         6.85031e+00        -6.11672e+01        -1.28004e+03
         6.85333e+00         5.36218e+01        -1.49594e+02
         6.85636e+00        -5.95789e+00        -7.23385e+02
         6.85939e+00        -2.06207e+01        -1.60094e+02
         6.86242e+00         9.60242e-01        -4.70877e+02
         6.86547e+00         1.25098e+02         1.13589e+02
         6.86850e+00         1.33937e+02        -6.74658e+02
         6.87153e+00         5.99587e+01        -1.17193e+02
         6.87456e+00         1.23293e+02        -7.13834e+02
         6.87758e+00        -1.20233e+01        -4.98868e+02
         6.88061e+00         1.26260e+02        -5.21233e+02
         6.88364e+00         8.18730e+01        -4.53149e+02
         6.88667e+00         1.06513e+02        -2.49568e+02
         6.88972e+00         6.46495e+01        -4.16030e+02
         6.89275e+00         2.53708e+02        -3.45801e+02
         6.89578e+00         1.21505e+02        -5.44037e+02
         6.89881e+00         5.89662e+00        -3.30094e+02
         6.90183e+00         7.01542e+01        -2.45274e+02
         6.90486e+00         2.02019e+02        -5.79017e+02
         6.90789e+00         1.58711e+01        -1.46018e+02
         6.91092e+00         3.57775e+01        -5.07654e+02
         6.91394e+00         8.93485e+01        -4.32298e+02
         6.91700e+00         2.55013e+02        -5.38629e+02
         6.92003e+00         1.08562e+02        -8.19323e+02
         6.92306e+00         3.12369e+01        -6.95250e+02
         6.92608e+00        -3.48631e+01        -4.22204e+02
         6.92911e+00        -1.74420e-01        -1.72971e+02
         6.93214e+00         1.85453e+01        -1.74284e+02
         6.93517e+00         1.67371e+02        -2.83493e+02
         6.93819e+00         2.26598e+02        -3.67511e+02
         6.94122e+00         1.79918e+02        -5.48510e+02
         6.94428e+00         7.21996e+01        -7.16597e+02
         6.94731e+00         3.08644e+01        -6.16141e+02
         6.95033e+00         4.04555e+01        -5.89427e+02
         6.95336e+00         1.03801e+02        -2.47663e+02
         6.95639e+00         8.47215e+01        -1.99019e+02
         6.95942e+00         4.72533e+01        -2.81673e+02
         6.96244e+00         4.57526e+01        -3.58485e+02
         6.96547e+00         5.97712e+01        -4.71401e+02
         6.96853e+00         1.16014e+01        -5.94809e+02
         6.97156e+00         4.66939e+01        -5.25104e+02
         6.97458e+00         6.09790e+01        -4.47821e+02
         6.97761e+00         1.32828e+02        -4.35772e+02
         6.98064e+00         1.85811e+02        -4.88168e+02
         6.98367e+00         2.22791e+02        -4.12577e+02
         6.98669e+00         1.94695e+02        -3.90197e+02
         6.98972e+00         1.78970e+02        -3.89854e+02
         6.99275e+00         1.65423e+02        -4.00806e+02
         6.99581e+00         1.88240e+02        -3.64067e+02
         6.99883e+00         2.10600e+02        -2.88975e+02
         7.00186e+00         1.95540e+02        -2.00128e+02
         7.00489e+00         2.03508e+02        -2.60786e+02
         7.00792e+00         1.61898e+02        -3.52583e+02
         7.01094e+00         1.88070e+02        -2.92969e+02
         7.01397e+00         1.87412e+02        -1.78084e+02
         7.01700e+00         2.08288e+02        -1.74174e+02
         7.02006e+00         1.76071e+02        -1.75341e+02
         7.02308e+00         1.85371e+02        -2.69269e+02
         7.02611e+00         1.92271e+02        -2.78473e+02
         7.02914e+00         2.00473e+02        -2.73212e+02
         7.03217e+00         1.27200e+02        -1.91749e+02
         7.03519e+00         9.89461e+01        -1.70231e+02
         7.03822e+00         8.08331e+01        -2.01304e+02
         7.04125e+00         7.78180e+01        -2.16832e+02
         7.04428e+00        -2.69046e+01        -1.34915e+02
         7.04733e+00        -6.68656e+01        -9.60672e+01
         7.05036e+00        -6.43980e+01        -8.47267e+01
         7.05339e+00        -6.30585e+01        -1.35318e+02
         7.05642e+00        -2.16479e+01        -2.18061e+02
         7.05944e+00        -1.65034e+00        -2.67874e+02
         7.06247e+00         1.81545e+00        -2.68604e+02
         7.06550e+00         2.58868e+01        -2.92967e+02
         7.06853e+00         2.23564e+01        -2.50236e+02
         7.07158e+00         4.75279e+01        -2.26488e+02
         7.07461e+00         5.63226e+01        -2.12979e+02
         7.07764e+00         1.18714e+01        -1.80652e+02
         7.08067e+00        -2.37103e+01        -2.15950e+02
         7.08369e+00        -2.49982e+01        -2.64046e+02
         7.08672e+00        -2.54216e+01        -3.74033e+02
         7.08975e+00         2.71866e+01        -5.08424e+02
         7.09278e+00         1.18159e+01        -4.39753e+02
         7.09581e+00         4.02556e+01        -4.01763e+02
         7.09886e+00         6.57730e+01        -1.22022e+02
         7.10189e+00         1.73741e+00        -8.00875e+01
         7.10492e+00        -4.58920e+01        -1.43242e+02
         7.10794e+00        -1.77552e+01        -1.97898e+02
         7.11097e+00        -4.81164e+00        -1.85687e+02
         7.11400e+00         2.90749e+01        -1.29232e+02
         7.11703e+00         8.98239e+01        -1.12056e+02
         7.12006e+00         8.36332e+01        -1.10423e+02
         7.12308e+00         1.10991e+02        -5.44523e+01
         7.12614e+00         7.71318e+01        -7.69844e+01
         7.12917e+00         4.06663e+01        -2.26525e+02
         7.13219e+00        -1.33604e+01        -2.34898e+02
         7.13522e+00        -2.30056e+01        -2.49174e+02
         7.13825e+00        -4.34635e+01        -1.32987e+02
         7.14128e+00         1.03696e+00        -1.79666e+02
         7.14431e+00         5.28461e+01        -1.46768e+02
         7.14733e+00         5.26379e+01        -1.06095e+02
         7.15039e+00         6.21456e+01        -1.65687e+02
         7.15342e+00         4.23865e+01        -1.97021e+02
         7.15644e+00         2.92803e+00        -1.77713e+02
         7.15947e+00        -7.25500e+00        -2.01214e+02
         7.16250e+00         5.46783e+00        -2.16567e+02
         7.16553e+00         5.46135e+01        -2.14529e+02
         7.16856e+00         9.47340e+01        -1.89210e+02
         7.17158e+00         7.89116e+01        -1.66427e+02
         7.17461e+00         3.81184e+01        -1.48779e+02
         7.17767e+00         5.16153e+01        -1.72246e+02
         7.18069e+00         5.86415e+01        -1.88475e+02
         7.18372e+00         6.71608e+01        -2.02778e+02
         7.18675e+00         6.69405e+01        -1.93757e+02
         7.18978e+00         6.68464e+01        -1.97955e+02
         7.19281e+00         7.60391e+01        -2.28069e+02
         7.19583e+00         6.21936e+01        -2.20547e+02
         7.19886e+00         6.21892e+01        -2.48963e+02
         7.20189e+00         6.49261e+01        -2.98486e+02
         7.20494e+00         8.37701e+01        -3.15515e+02
         7.20797e+00         9.39619e+01        -3.77439e+02
         7.21100e+00         1.01202e+02        -3.99287e+02
         7.21403e+00         1.11588e+02        -4.51330e+02
         7.21706e+00         1.14690e+02        -4.49826e+02
         7.22008e+00         1.11636e+02        -4.10089e+02
         7.22311e+00         1.02321e+02        -4.02737e+02
         7.22614e+00         8.88038e+01        -3.83596e+02
         7.22919e+00         8.30811e+01        -3.94770e+02
         7.23222e+00         9.03990e+01        -4.52143e+02
         7.23525e+00         8.11444e+01        -4.63867e+02
         7.23828e+00         6.15459e+01        -3.87229e+02
         7.24131e+00         4.38239e+01        -3.43679e+02
         7.24433e+00         2.95429e+00        -2.05127e+02
         7.24736e+00         2.16637e+01        -1.95695e+02
         7.25039e+00         3.94430e+01        -5.64365e+01
         7.25342e+00         2.28871e+02         1.06894e+01
         7.25647e+00         2.59161e+02        -1.10043e+02
         7.25950e+00         3.10719e+02        -9.99797e+01
         7.26253e+00         1.51058e+02        -1.57350e+02
         7.26556e+00         6.39440e+01        -1.74259e+02
         7.26858e+00         4.34220e+01        -1.96670e+02
         7.27161e+00         6.04173e+01        -1.33032e+02
         7.27464e+00         8.17828e+01        -1.72950e+02
         7.27767e+00         2.09749e+01        -1.06664e+02
         7.28069e+00         2.60013e+00        -1.09043e+02
         7.28375e+00         3.74327e+01        -1.48050e+02
         7.28678e+00         3.05066e+01        -1.80752e+02
         7.28981e+00        -2.81850e+01        -1.13889e+02
         7.29283e+00         2.91409e+00        -1.91155e+02
         7.29586e+00         3.41773e+01        -2.40724e+02
         7.29889e+00         5.54160e+01        -2.72751e+02
         7.30192e+00         6.76168e+01        -2.55246e+02
         7.30494e+00         6.63618e+01        -2.67072e+02
         7.30800e+00         6.49220e+01        -3.05462e+02
         7.31103e+00         7.03866e+01        -2.46190e+02
         7.31406e+00         8.79425e+01        -2.35597e+02
         7.31708e+00         7.14416e+01        -2.14554e+02
         7.32011e+00         5.69968e+01        -2.06137e+02
         7.32314e+00         7.59772e+01        -2.15863e+02
         7.32617e+00         5.15824e+01        -2.79845e+02
         7.32919e+00         5.76188e+01        -3.05689e+02
         7.33222e+00         7.21443e+01        -3.32550e+02
         7.33528e+00         7.77310e+01        -3.18376e+02
         7.33831e+00         9.64663e+01        -2.61349e+02
         7.34133e+00         9.40247e+01        -2.91204e+02
         7.34436e+00         9.68083e+01        -2.78453e+02
         7.34739e+00         1.01233e+02        -2.36812e+02
         7.35042e+00         8.39332e+01        -2.45408e+02
         7.35344e+00         7.99586e+01        -2.65322e+02
         7.35647e+00         8.28638e+01        -2.40647e+02
         7.35953e+00         8.00315e+01        -2.36690e+02
         7.36256e+00         7.15392e+01        -2.10412e+02
         7.36558e+00         8.71340e+01        -2.34655e+02
         7.36861e+00         6.53297e+01        -2.26395e+02
         7.37164e+00         8.24265e+01        -2.63474e+02
         7.37467e+00         7.39828e+01        -2.78188e+02
         7.37769e+00         5.65491e+01        -2.96469e+02
         7.38072e+00         3.04860e+01        -2.11194e+02
         7.38375e+00         1.86951e+01        -2.12278e+02
         7.38681e+00         8.10649e+01        -2.07140e+02
         7.38983e+00         9.36852e+01        -2.00073e+02
         7.39286e+00         8.81951e+01        -2.14824e+02
         7.39589e+00         7.80539e+01        -2.32768e+02
         7.39892e+00         6.87871e+01        -2.31720e+02
         7.40194e+00         1.09162e+02        -2.34925e+02
         7.40497e+00         1.27253e+02        -1.86439e+02
         7.40800e+00         1.23915e+02        -1.46785e+02
         7.41106e+00         1.22547e+02        -1.58417e+02
         7.41408e+00         9.75167e+01        -2.11497e+02
         7.41711e+00         7.03192e+01        -2.79441e+02
         7.42014e+00         1.92881e+01        -3.71166e+02
         7.42317e+00         1.16314e+02        -2.71801e+02
         7.42619e+00         9.79381e+01        -2.16379e+02
         7.42922e+00         8.24188e+01        -1.84810e+02
         7.43225e+00         5.94570e+01        -3.44390e+02
         7.43528e+00         6.25943e+01        -2.62394e+02
         7.43833e+00         4.10689e+01        -2.12217e+02
         7.44136e+00         4.94548e+01        -2.55238e+02
         7.44439e+00         9.23396e+01        -3.05737e+02
         7.44742e+00         6.91776e+01        -2.92198e+02
         7.45044e+00         6.66003e+01        -4.54766e+02
         7.45347e+00         5.25408e+01        -2.38407e+02
         7.45650e+00         8.43832e+01        -1.37596e+02
         7.45953e+00         1.02985e+02        -1.26595e+02
         7.46256e+00         8.01489e+01        -7.19487e+01
         7.46561e+00         1.19254e+02        -1.44839e+02
         7.46864e+00         1.23945e+02        -2.22568e+02
         7.47167e+00         3.12315e+01        -4.88972e+02
         7.47469e+00         3.24613e+01        -3.32250e+02
         7.47772e+00         1.10418e+01        -4.25215e+02
         7.48075e+00         6.99931e+01        -2.60418e+02
         7.48378e+00         1.57138e+02        -3.03175e+02
         7.48681e+00         8.35960e+01        -3.05939e+02
         7.48986e+00         1.33173e+02        -2.27860e+02
         7.49289e+00         1.34387e+02        -2.35185e+02
         7.49592e+00        -5.55730e+00        -3.17331e+02
         7.49894e+00         1.73366e+01        -3.53765e+02
         7.50197e+00        -1.95326e+01        -5.46048e+02
         7.50500e+00         1.97592e+00        -5.48894e+02
         7.50803e+00         8.12792e+01        -2.10297e+02
         7.51106e+00         8.19224e+01        -1.56383e+02
         7.51408e+00         1.67712e+02        -7.80263e+01
         7.51714e+00         1.80944e+02        -7.64602e+01
         7.52017e+00         1.65571e+02        -1.71924e+02
         7.52319e+00         7.31530e+01        -3.03107e+02
         7.52622e+00        -6.74513e+01        -5.22337e+02
         7.52925e+00        -6.33522e+01        -5.49775e+02
         7.53228e+00        -7.55898e+01        -5.77745e+02
         7.53531e+00        -3.64218e+01        -4.49613e+02
         7.53833e+00         5.74161e+01        -1.13199e+02
         7.54136e+00         1.87169e+02        -1.61155e+02
         7.54442e+00         1.75176e+02        -1.69660e+02
         7.54744e+00         1.58450e+02        -2.86642e+02
         7.55047e+00         9.35935e+01        -2.47379e+02
         7.55350e+00         2.07431e+01        -4.63607e+02
         7.55653e+00        -1.32643e+01        -3.24206e+02
         7.55956e+00         5.45927e+01        -4.83204e+02
         7.56258e+00         6.55827e+01        -1.00309e+02
         7.56561e+00         1.27353e+02        -6.47986e+01
         7.56867e+00         1.27191e+02        -1.07797e+02
         7.57169e+00         1.14041e+02        -4.72669e+02
         7.57472e+00         9.88834e+01        -2.33802e+02
         7.57775e+00         3.70685e+01        -3.95401e+02
         7.58078e+00        -7.48130e+01        -4.65352e+02
         7.58381e+00        -1.71029e+01        -4.97588e+02
         7.58683e+00         4.66893e+01        -1.10140e+02
         7.58986e+00        -5.00244e+01        -4.22705e+02
         7.59289e+00        -3.47899e+01        -3.88722e+02
         7.59594e+00         1.55444e+00        -1.20553e+02
         7.59897e+00         6.16693e+01        -1.69685e+02
         7.60200e+00         1.03165e+02        -1.14623e+02
         7.60503e+00         1.61468e+00        -4.10246e+02
         7.60806e+00        -4.55121e+01        -4.83051e+02
         7.61108e+00        -1.75731e+01        -3.59557e+02
         7.61411e+00         2.26534e+01        -1.97847e+02
         7.61714e+00         4.95062e+01        -9.90250e+01
         7.62019e+00         1.42964e+02        -1.32416e+02
         7.62322e+00         1.00558e+02        -2.73648e+02
         7.62625e+00         1.26005e+02        -1.82698e+02
         7.62928e+00         6.85099e+01        -1.58901e+02
         7.63231e+00         2.02907e+01        -1.65892e+02
         7.63533e+00         2.92773e+00        -2.72121e+02
         7.63836e+00        -1.88523e+01        -2.83885e+02
         7.64139e+00        -1.64069e+00        -2.05500e+02
         7.64442e+00        -2.17437e+00        -3.03166e+02
         7.64747e+00         5.22579e+00        -3.71382e+02
         7.65050e+00         1.85936e+00        -4.64262e+02
         7.65353e+00         2.97193e+01        -3.45299e+02
         7.65656e+00         8.41742e+01        -2.14357e+02
         7.65958e+00         5.08609e+01        -4.83714e+02
         7.66261e+00         8.24694e+01        -1.53859e+02
         7.66564e+00         4.96582e+01        -2.21958e+02
         7.66867e+00         6.25900e+01        -5.08176e+02
         7.67169e+00        -8.94318e+00        -3.89759e+02
         7.67475e+00        -3.17614e+01        -1.32438e+02
         7.67778e+00         1.82940e+01        -1.38374e+02
         7.68081e+00         6.17131e+01        -1.48066e+02
         7.68383e+00         8.05189e+01        -1.02884e+02
         7.68686e+00         3.52904e+01        -1.86848e+02
         7.68989e+00         5.80142e+00        -2.85678e+02
         7.69292e+00         7.73321e+01        -4.70129e+02
         7.69594e+00         3.27993e+01        -2.66669e+02
         7.69900e+00         7.33124e+01        -2.20127e+02
         7.70203e+00         6.16634e+01        -1.64539e+02
         7.70506e+00         7.92520e-01        -1.45777e+02
         7.70808e+00         1.26514e+02        -3.54304e+02
         7.71111e+00         5.94933e+01        -3.00016e+02
         7.71414e+00         3.29642e+01        -3.30273e+02
         7.71717e+00         1.19437e+02        -4.94747e+02
         7.72019e+00         1.01939e+02        -4.82171e+02
         7.72322e+00         6.24373e+01        -5.34526e+02
         7.72628e+00        -2.07987e+01        -2.56095e+02
         7.72931e+00         2.80065e+01        -1.05959e+02
         7.73233e+00         1.46479e+01        -9.02579e+01
         7.73536e+00         1.09769e+01        -7.68301e+01
         7.73839e+00         3.80958e+00        -2.31999e+02
         7.74142e+00        -1.28412e+01        -3.33093e+02
         7.74444e+00         8.47385e+00        -1.65463e+02
         7.74747e+00         1.72834e+01        -1.88800e+02
         7.75050e+00         6.04316e+01        -2.99201e+02
         7.75356e+00         7.00818e+01        -2.09907e+02
         7.75658e+00         2.99572e+01        -3.05505e+02
         7.75961e+00         5.09501e+01        -4.08196e+02
         7.76264e+00         1.38070e+01        -3.60731e+02
         7.76567e+00         3.14627e+01        -6.06177e+02
         7.76869e+00         6.46002e+01        -6.94567e+02
         7.77172e+00         3.44144e+01        -5.32732e+02
         7.77475e+00        -3.86899e+00        -5.59452e+02
         7.77781e+00         1.69358e+02        -5.98514e+02
         7.78083e+00         2.45914e+01        -3.34642e+02
         7.78386e+00         3.96073e+01        -3.52060e+02
         7.78689e+00         4.06273e+01        -2.80956e+02
         7.78992e+00         2.84746e+01        -2.62387e+02
         7.79294e+00         9.75272e+01        -4.11821e+02
         7.79597e+00         8.63490e+01        -4.86539e+02
         7.79900e+00         1.34966e+02        -5.14327e+02
         7.80203e+00         9.91962e+01        -4.21046e+02
         7.80508e+00         1.16585e+02        -3.05302e+02
         7.80811e+00         5.54773e+01        -3.18527e+02
         7.81114e+00         1.16423e+02        -2.65916e+02
         7.81417e+00         6.63498e+01        -3.43616e+02
         7.81719e+00         7.93787e+01        -5.95026e+02
         7.82022e+00        -1.09691e+02        -2.69393e+02
         7.82325e+00        -9.36866e+01        -2.35207e+02
         7.82628e+00        -8.08504e+01        -1.96814e+02
         7.82933e+00        -1.39623e+01        -1.10831e+02
         7.83236e+00         8.10993e+01        -2.75769e+02
         7.83539e+00         1.06040e+02        -4.65558e+02
         7.83842e+00         1.27134e+02        -4.74467e+02
         7.84144e+00         1.46659e+02        -5.41978e+02
         7.84447e+00         1.55987e+02        -5.95674e+02
         7.84750e+00         1.26278e+02        -5.92975e+02
         7.85053e+00         1.06625e+02        -6.50200e+02
         7.85356e+00         8.87381e+01        -7.84618e+02
         7.85661e+00         1.03972e+02        -5.43343e+02
         7.85964e+00         2.08244e+02        -3.72092e+02
         7.86267e+00         8.46507e+01        -1.57539e+02
         7.86569e+00         1.22811e+02        -1.33340e+02
         7.86872e+00         5.78556e+01        -5.05603e+02
         7.87175e+00         3.53470e+01        -5.89238e+02
         7.87478e+00        -1.25915e+00        -5.74217e+02
         7.87781e+00         9.19467e+01        -4.70259e+02
         7.88083e+00         1.61903e+02        -4.72216e+02
         7.88389e+00         1.38762e+02        -6.11826e+02
         7.88692e+00         7.95958e+01        -5.62209e+02
         7.88994e+00         5.53579e+01        -5.34991e+02
         7.89297e+00         3.22893e+01        -3.80717e+02
         7.89600e+00         1.29131e+00        -1.72444e+02
         7.89903e+00        -1.81372e+01        -1.30388e+02
         7.90206e+00         1.34007e+01        -1.96348e+02
         7.90508e+00         3.12526e+01        -1.94358e+02
         7.90814e+00         1.47546e+02        -4.96518e+02
         7.91117e+00         6.12811e+01        -5.11573e+02
         7.91419e+00         5.37806e+01        -5.28100e+02
         7.91722e+00         9.82000e+01        -5.49120e+02
         7.92025e+00         1.22558e+02        -4.01082e+02
         7.92328e+00         1.39342e+02        -4.04521e+02
         7.92631e+00         9.86344e+01        -5.59102e+02
         7.92933e+00         1.10427e+02        -4.72311e+02
         7.93236e+00         1.97348e+01        -3.28369e+02
         7.93542e+00        -5.95165e+00        -3.90596e+02
         7.93844e+00        -8.39977e+00        -4.70298e+02
         7.94147e+00        -1.28188e+01        -4.94214e+02
         7.94450e+00         2.09469e+00        -4.61407e+02
         7.94753e+00         9.40179e+01        -9.01152e+02
         7.95056e+00         8.73022e+01        -4.72583e+02
         7.95358e+00         1.52117e+01        -2.27187e+02
         7.95661e+00         5.00053e+00        -3.86682e+02
         7.95967e+00         3.61509e+00         1.78569e+02
         7.96269e+00         5.93641e+01        -2.03255e+02
         7.96572e+00         5.63703e+01        -5.86063e+02
         7.96875e+00         8.67629e+01        -4.36550e+02
         7.97178e+00         7.33287e+01        -3.56849e+02
         7.97481e+00         1.66801e+02        -6.10940e+02
         7.97783e+00         4.21551e+01        -5.01575e+02
         7.98086e+00        -2.77304e+01        -1.40889e+02
         7.98389e+00         6.84349e+01         2.53977e+02
         7.98694e+00        -5.64596e+01         5.24823e+02
         7.98997e+00         1.48352e+01        -1.98695e+01
         7.99300e+00         1.70674e+02        -3.40153e+02
         7.99603e+00         2.33491e+02        -6.18673e+02
         7.99906e+00         2.91706e+02        -5.19609e+02
         8.00208e+00         2.21189e+02        -3.56487e+02
         8.00511e+00         1.44104e+02        -2.35501e+02
         8.00814e+00         3.88170e+01        -3.55332e+02
         8.01117e+00        -2.23247e+01        -4.53516e+02
         8.01422e+00        -7.98880e+01        -4.82020e+02
         8.01725e+00        -7.97358e+01        -3.20496e+02
         8.02028e+00        -1.28332e+02        -2.42113e+02
         8.02331e+00        -5.77815e+01        -3.31238e+02
         8.02633e+00         1.45617e+02        -3.78682e+02
         8.02936e+00         1.14912e+02        -3.91855e+02
         8.03239e+00         6.82216e+01        -5.20726e+02
         8.03542e+00        -8.99227e+01        -3.08864e+02
         8.03847e+00        -8.89199e+00        -2.11445e+02
         8.04150e+00         5.16759e+01        -2.44691e+02
         8.04453e+00         5.70757e+01        -2.15918e+02
         8.04756e+00         7.55033e+01        -4.40742e+02
         8.05058e+00         2.23513e+01        -4.25421e+02
         8.05361e+00         3.04766e+01        -3.84272e+02
         8.05664e+00        -1.15666e+01        -3.75016e+02
         8.05967e+00        -3.89669e+01        -1.84978e+02
         8.06269e+00         4.84427e+01        -1.41378e+02
         8.06575e+00        -3.96546e+01        -1.73174e+02
         8.06878e+00        -4.33863e+01        -2.72195e+02
         8.07181e+00         3.25442e+01        -5.97471e+02
         8.07483e+00         2.12092e+01        -1.73803e+02
         8.07786e+00        -2.79292e+01        -7.14022e+02
         8.08089e+00        -6.25768e+01        -4.16816e+02
         8.08392e+00        -5.55596e+01        -5.36917e+02
         8.08694e+00        -1.05767e+02        -1.41407e+02
         8.08997e+00        -4.50118e+01         1.29924e+01
         8.09303e+00         6.30208e+01        -5.28721e+01
         8.09606e+00         1.47185e+02        -2.54177e+02
         8.09908e+00         3.20840e+02        -6.81289e+02
         8.10211e+00        -5.66171e+01        -7.53203e+02
         8.10514e+00        -6.66823e+01        -4.52907e+02
         8.10817e+00         3.43545e+01         1.71347e+01
         8.11119e+00         1.03651e+02         2.02222e+02
         8.11422e+00         5.17660e+01         3.46840e+02
         8.11728e+00        -9.51221e+01        -1.22255e+02
         8.12031e+00         4.31049e+01        -8.20420e+02
         8.12333e+00         8.40578e+01        -6.63765e+02
         8.12636e+00         1.53923e+02        -5.86237e+02
         8.12939e+00         3.47178e+01        -3.05344e+01
         8.13242e+00         4.14572e-01         2.32596e+02
         8.13544e+00         9.36005e+01         7.01878e+01
         8.13847e+00         1.56088e+02        -3.12988e+02
         8.14150e+00        -7.76496e+00        -6.39605e+02
         8.14456e+00         6.03380e+01        -5.66882e+02
         8.14758e+00         5.63292e+01        -8.02328e+02
         8.15061e+00         7.13589e+01        -1.08731e+03
         8.15364e+00        -1.24873e+01         3.31591e+02
         8.15667e+00         1.04285e+02         2.58664e+02
         8.15969e+00         6.84966e+01        -4.27131e+02
         8.16272e+00        -8.19609e+02         2.62084e+01
         8.16575e+00        -3.43916e+02        -4.17166e+02
         8.16881e+00        -6.75850e+01        -2.90575e+02
         8.17183e+00         3.95456e+02        -4.02870e+02
         8.17486e+00         3.64035e+02        -5.02225e+02
         8.17789e+00         8.64936e+01        -4.54350e+02
         8.18092e+00         6.04411e+02        -1.09676e+03
         8.18394e+00         1.20115e+03        -1.63849e+03
         8.18697e+00        -1.50940e+02        -1.24811e+02
         8.19000e+00        -1.27834e+02        -1.38348e+02
         8.19303e+00        -3.32214e+02         3.34131e+02
         8.19608e+00        -4.01799e+02         3.97004e+02
         8.19911e+00        -5.13631e+02         5.46906e+01
         8.20214e+00        -7.09815e+01        -2.54541e+02
         8.20517e+00        -1.15673e+03         6.64782e+02
         8.20819e+00         8.52052e+00        -5.79935e+02
         8.21122e+00         1.84495e+02        -2.89384e+02
         8.21425e+00         1.31859e+02        -1.89700e+02
         8.21728e+00         2.84984e+01         7.09659e+00
         8.22031e+00        -7.75875e+01        -2.92585e+02
         8.22336e+00        -1.56012e+02        -2.02642e+02
         8.22639e+00        -7.92924e+01        -3.74349e+02
         8.22942e+00         5.83269e+01         1.57223e+01
         8.23244e+00         4.25853e+01        -8.12067e+00
         8.23547e+00        -1.17772e+02         3.50979e+01
         8.23850e+00        -1.21321e+02         3.67761e+01
         8.24153e+00        -6.40684e+01        -3.83972e+02
         8.24456e+00         5.46672e+01        -4.76321e+02
         8.24761e+00        -8.98799e+01        -5.03242e+01
         8.25064e+00        -5.71630e+01         4.29478e+01
         8.25367e+00        -4.66178e+01        -1.52581e+01
         8.25669e+00        -1.38034e+02        -1.95486e+02
         8.25972e+00        -1.49837e+02        -4.59728e+02
         8.26275e+00        -5.81923e+01        -5.87469e+02
         8.26578e+00         2.70727e+02        -5.56086e+02
         8.26881e+00         3.43639e+02        -4.25597e+02
         8.27183e+00         2.94473e+02        -5.29645e+02
         8.27489e+00         1.93918e+02        -5.56829e+02
         8.27792e+00         3.41196e+02        -1.22847e+03
         8.28094e+00        -7.57599e+01        -6.15954e+02
         8.28397e+00         5.63617e+01        -5.39759e+01
         8.28700e+00         2.95101e+01         3.07857e+02
         8.29003e+00         1.75075e+02        -4.47953e+01
         8.29306e+00         1.74337e+02         2.01767e+02
         8.29608e+00         2.27872e+02        -3.03831e+02
         8.29914e+00         4.23270e+02        -7.87346e+02
         8.30217e+00         2.81779e+02        -8.51894e+02
         8.30519e+00        -4.48130e+00        -4.98139e+02
         8.30822e+00        -9.27527e+01         8.80243e+01
         8.31125e+00         8.02767e+01        -5.42397e+02
         8.31428e+00         4.70826e+01        -7.62623e+02
         8.31731e+00         1.14031e+01         9.81854e+01
         8.32033e+00         2.45306e+02        -3.59476e+02
         8.32336e+00         3.74757e+01         3.28865e+01
         8.32642e+00         3.82051e+01        -1.37736e+02
         8.32944e+00        -3.50286e+02         3.99966e+02
         8.33247e+00        -8.97528e+02        -1.21783e+02
         8.33550e+00        -2.62094e+02        -1.39935e+02
         8.33853e+00         6.28874e+02         1.03306e+02
         8.34156e+00         5.26023e+01        -2.49689e+02
         8.34458e+00         3.12996e+02         2.88998e+01
         8.34761e+00        -3.81226e+01        -1.68722e+01
         8.35064e+00        -2.03964e+02        -4.37002e+01
         8.35369e+00        -1.27210e+02        -3.07235e+02
         8.35672e+00        -1.42773e+01        -2.96816e+02
         8.35975e+00        -3.82063e+01        -3.35233e+01
         8.36278e+00        -4.54560e+02         7.53918e+01
         8.36581e+00        -1.19407e+03         6.57393e+02
         8.36883e+00        -7.04011e+02         3.35562e+02
         8.37186e+00        -3.42786e+02        -1.81953e+02
         8.37489e+00        -3.96110e+01        -3.84613e+02
         8.37794e+00         1.34256e+02        -3.33634e+02
         8.38097e+00         1.96735e+02        -2.02222e+02
         8.38400e+00         1.09092e+02        -5.25785e+02
         8.38703e+00         2.95742e+02        -7.98395e+02
         8.39006e+00         5.42046e+02        -9.64863e+02
         8.39308e+00         2.80535e+02        -7.19767e+02
         8.39611e+00         7.17880e+02        -8.82361e+02
         8.39914e+00         6.25880e+02        -9.18886e+02
         8.40217e+00         5.55058e+02        -6.90111e+02
         8.40522e+00         7.29056e+02        -7.44155e+02
         8.40825e+00         3.74825e+02        -6.37526e+02
         8.41128e+00         1.62377e+02        -7.20370e+02
         8.41431e+00         8.96705e+01        -7.28606e+02
         8.41733e+00        -1.60094e+02        -4.57481e+01
         8.42036e+00         5.43686e+01         1.67019e+02
         8.42339e+00         6.99977e+01        -3.32729e+02
         8.42642e+00        -1.18946e+02        -5.83204e+02
         8.42944e+00        -1.56570e+02        -5.01044e+02
         8.43250e+00        -6.66039e+01        -1.61929e+02
         8.43553e+00         1.00599e+02         9.87390e+01
         8.43856e+00         1.73792e+02         2.28978e+01
         8.44158e+00         1.59971e+01        -3.70049e+02
         8.44461e+00        -1.28503e+02        -2.93091e+00
         8.44764e+00        -1.75581e+02        -1.46941e+02
         8.45067e+00        -1.55786e+02        -3.43943e+02
         8.45369e+00        -3.85446e+01         4.70411e+01
         8.45675e+00         8.03083e+01         3.08423e+02
         8.45978e+00         1.83355e+02         1.20188e+02
         8.46281e+00         1.76148e+02        -1.31874e+02
         8.46583e+00        -4.44703e+01        -1.95339e+02
         8.46886e+00        -2.37624e+02        -1.47175e+02
         8.47189e+00        -1.62594e+02        -1.33058e+02
         8.47492e+00        -5.48725e+00        -1.52822e+02
         8.47794e+00         1.43428e+02        -2.08332e+02
         8.48097e+00         1.54880e+02        -2.74196e+02
         8.48403e+00         4.92280e+01        -3.62225e+02
         8.48706e+00        -1.23881e+02        -2.44971e+02
         8.49008e+00        -1.26537e+02        -8.33042e+01
         8.49311e+00         4.33076e+01        -9.72768e+01
         8.49614e+00         1.09937e+02        -3.03723e+02
         8.49917e+00         1.01023e+02        -3.28008e+02
         8.50219e+00         2.13610e+01        -3.84821e+02
         8.50522e+00        -2.17260e+01         1.61284e+01
         8.50828e+00        -5.41448e+01        -4.38411e+00
         8.51131e+00        -7.68737e+01        -3.89836e+01
         8.51433e+00         4.77801e+01        -2.82810e+02
         8.51736e+00         2.40987e+02        -4.36715e+02
         8.52039e+00         1.88534e+02        -3.86200e+02
         8.52342e+00        -1.95088e+02        -1.10475e+02
         8.52644e+00        -2.94644e+02         1.61746e+02
         8.52947e+00        -3.51547e+01         4.91007e+01
         8.53250e+00         4.97441e+01        -3.83703e+02
         8.53556e+00        -7.67502e+01        -2.89451e+02
         8.53858e+00        -1.47192e+02        -1.02834e+02
         8.54161e+00        -1.39748e+02         5.93377e+01
         8.54464e+00        -7.15758e+01         5.53270e+01
         8.54767e+00        -1.02747e+02        -1.56797e+02
         8.55069e+00        -4.68749e+02        -1.64338e+02
         8.55372e+00        -1.84457e+02        -1.90616e+02
         8.55675e+00         1.27476e+01        -1.12500e+02
         8.55978e+00         2.22303e+01         1.01703e+01
         8.56283e+00         8.90423e+00         5.01475e+00
         8.56586e+00         1.02651e+02        -1.97984e+02
         8.56889e+00         4.15939e+01        -3.03049e+02
         8.57192e+00        -1.73319e+02        -1.07172e+02
         8.57494e+00        -1.56806e+02         3.09957e+01
         8.57797e+00        -1.58059e+02        -4.14523e+01
         8.58100e+00        -9.36566e+01        -1.93113e+02
         8.58403e+00         1.73408e+02        -4.07154e+02
         8.58708e+00         7.09062e+01        -1.09158e+02
         8.59011e+00         9.91748e+01        -7.14524e+01
         8.59314e+00         1.08982e+02        -1.25342e+02
         8.59617e+00         1.46960e+02        -2.58269e+02
         8.59919e+00         4.24000e+01        -3.68409e+02
         8.60222e+00        -2.27860e+02        -3.34699e+02
         8.60525e+00        -3.89669e+02         3.26051e+02
         8.60828e+00        -3.08230e+02         5.09919e+02
         8.61131e+00        -4.17996e+02         4.78983e+02
         8.61436e+00        -4.58571e+02         2.68821e+02
         8.61739e+00        -9.12365e+01         3.31500e+00
         8.62042e+00         3.11535e+02        -3.70146e+02
         8.62344e+00         3.78722e+02        -2.86919e+02
         8.62647e+00         4.92759e+02        -2.34417e+02
         8.62950e+00         2.15275e+02        -4.81165e+02
         8.63253e+00         2.63356e+01        -5.55490e+02
         8.63556e+00         1.11795e+02        -6.18413e+02
         8.63861e+00         6.89690e+01        -3.65153e+02
         8.64164e+00         2.49107e+01        -3.97489e+02
         8.64467e+00         1.03455e+02        -1.56840e+02
         8.64769e+00        -4.74868e+01        -2.03615e+02
         8.65072e+00        -3.89761e+01        -2.11160e+02
         8.65375e+00        -9.06485e+01        -2.86009e+02
         8.65678e+00        -4.41076e+01        -3.49887e+02
         8.65981e+00         1.53338e+02        -2.46844e+02
         8.66283e+00         2.32946e+02        -2.44301e+02
         8.66589e+00         3.00790e+02        -2.71499e+02
         8.66892e+00        -1.55557e+01        -4.03040e+02
         8.67194e+00        -3.70927e+02        -3.93405e+02
         8.67497e+00        -1.72951e+02        -2.22976e+02
         8.67800e+00        -1.60031e+01        -2.84667e+02
         8.68103e+00         4.33579e+01        -4.24790e+02
         8.68406e+00         8.85802e+01        -3.80464e+02
         8.68708e+00         2.26377e+01        -2.45609e+02
         8.69011e+00        -1.08309e+02        -1.02356e+02
         8.69317e+00        -1.28742e+02        -2.95416e+02
         8.69619e+00        -3.52118e+02        -4.25884e+02
         8.69922e+00        -4.22742e+02        -3.06513e+02
         8.70225e+00         8.94541e+01        -5.73346e+00
         8.70528e+00         2.74579e+02         6.11525e+01
         8.70831e+00         4.07278e+02         1.43424e+02
         8.71133e+00         2.08548e+02        -9.27267e+01
         8.71436e+00         9.98616e+01        -2.67324e+02
         8.71742e+00        -4.88244e+01        -3.54590e+02
         8.72044e+00        -1.72881e+02        -2.21184e+02
         8.72347e+00        -1.42102e+02        -1.79364e+02
         8.72650e+00        -6.52397e+00        -1.55111e+02
         8.72953e+00         5.90752e+01        -8.19675e+01
         8.73256e+00         2.77357e+01         8.62867e+00
         8.73558e+00        -3.99920e+01        -1.07609e+02
         8.73861e+00         9.09732e+01        -1.72069e+02
         8.74164e+00         3.05573e+02        -1.31804e+02
         8.74469e+00         1.84435e+02        -2.79715e+02
         8.74772e+00        -8.56123e+01        -3.54593e+02
         8.75075e+00        -1.57131e+02        -2.05088e+02
         8.75378e+00        -1.93178e+01        -9.35311e+01
         8.75681e+00         1.07301e+02        -1.20957e+02
         8.75983e+00         8.32642e+01        -2.29567e+02
         8.76286e+00         5.69632e+01        -2.81395e+02
         8.76589e+00        -1.55969e+01        -2.07145e+02
         8.76892e+00        -9.59634e+01        -1.90425e+02
         8.77197e+00        -1.27779e+02        -1.81477e+02
         8.77500e+00        -1.03895e+02        -1.65501e+02
         8.77803e+00        -1.08507e+02        -8.66115e+01
         8.78106e+00        -6.87604e+01        -7.37755e+01
         8.78408e+00         1.82924e+01        -7.39389e+01
         8.78711e+00         4.24560e+01        -1.54109e+02
         8.79014e+00        -1.61634e+01        -1.68866e+02
         8.79317e+00        -7.18224e+01        -1.60558e+02
         8.79622e+00        -7.18344e+01        -1.10503e+02
         8.79925e+00         1.79937e+01        -9.88115e+01
         8.80228e+00         9.13688e+00        -1.70629e+02
         8.80531e+00        -2.21054e+01        -2.07015e+02
         8.80833e+00         2.61258e+01        -1.22893e+02
         8.81136e+00         1.03734e+02        -1.19544e+02
         8.81439e+00         1.11466e+02        -1.76908e+02
         8.81742e+00         1.66275e+01        -4.05655e+02
         8.82044e+00        -6.12483e+01        -1.99729e+02
         8.82350e+00         6.01306e+01        -7.54459e+01
         8.82653e+00         2.03065e+02        -2.17255e+02
         8.82956e+00         1.47658e+02        -3.49746e+02
         8.83258e+00        -1.58753e+01        -3.63010e+02
         8.83561e+00        -2.18089e+02        -4.88948e+02
         8.83864e+00        -1.01817e+02        -4.16890e+02
         8.84167e+00         1.92276e+02         1.12234e+02
         8.84469e+00         5.84755e+02         1.78090e+02
         8.84775e+00         3.04461e+02        -1.73890e+02
         8.85078e+00        -3.04560e+01        -5.54842e+02
         8.85381e+00        -3.16654e+02        -4.92288e+02
         8.85683e+00         2.17265e+02        -1.98449e+02
         8.85986e+00         3.61307e+02        -2.13036e+02
         8.86289e+00         1.90750e+02        -1.31432e+02
         8.86592e+00        -2.31608e+02        -3.54429e+02
         8.86894e+00        -2.90008e+02        -2.07842e+02
         8.87197e+00         2.23172e+02        -1.51594e+02
         8.87503e+00         1.71531e+02        -2.62994e+02
         8.87806e+00        -1.57125e+02        -2.48447e+02
         8.88108e+00         2.15230e+02        -1.80529e+02
         8.88411e+00         2.61638e+02        -3.80858e+02
         8.88714e+00        -7.62489e+01        -5.57299e+02
         8.89017e+00        -2.14704e+02        -4.79682e+02
         8.89319e+00        -3.85179e+02         2.16291e+01
         8.89622e+00         1.71721e+02        -2.99066e+02
         8.89925e+00         2.73377e+02        -4.45089e+02
         8.90231e+00         1.61787e+02        -3.53944e+02
         8.90533e+00         9.72509e+01        -1.99534e+02
         8.90836e+00        -6.52975e+01        -3.42542e+02
         8.91139e+00        -1.71471e+02        -2.41644e+02
         8.91442e+00         9.85674e+01        -4.14452e+01
         8.91744e+00         2.44789e+02        -1.32208e+02
         8.92047e+00         1.39950e+02        -4.16412e+02
         8.92350e+00        -5.10601e+00        -3.23878e+02
         8.92656e+00        -3.75918e+01        -2.23673e+02
         8.92958e+00        -2.07466e+02        -4.32291e+02
         8.93261e+00        -5.43623e+00        -2.08258e+02
         8.93564e+00         3.75012e+02        -3.46666e+02
         8.93867e+00         2.25211e+02        -2.94929e+02
         8.94169e+00        -9.04652e+01        -2.85817e+02
         8.94472e+00        -2.34431e+01        -1.71287e+02
         8.94775e+00         1.04291e+02        -3.90490e+02
         8.95078e+00        -1.83782e+01        -4.74954e+02
         8.95383e+00         5.10282e+01        -2.35485e+02
         8.95686e+00         3.15804e+02        -1.41634e+02
         8.95989e+00         2.20481e+02        -3.38813e+02
         8.96292e+00        -1.94689e+02        -5.76612e+02
         8.96594e+00         3.09890e+01        -3.35001e+02
         8.96897e+00         1.39358e+02        -2.18887e+02
         8.97200e+00         9.15760e+01        -3.11173e+02
         8.97503e+00         1.65679e+02        -2.68755e+02
         8.97806e+00         2.53535e+02        -2.78615e+02
         8.98111e+00         1.48990e+02        -3.31806e+02
         8.98414e+00         1.55336e+01        -2.09005e+02
         8.98717e+00         9.23376e+01        -2.71054e+02
         8.99019e+00         2.32941e+02        -3.83565e+02
         8.99322e+00         2.80131e+01        -3.76341e+02
         8.99625e+00         2.41325e+02        -4.95605e-01
         8.99928e+00         2.51574e+02        -1.45388e+02
         9.00231e+00         6.89638e+01        -5.82965e+02
         9.00536e+00         2.02264e+02        -3.01378e+02
         9.00839e+00         2.93414e+02        -2.93993e+02
         9.01142e+00         2.36431e+02        -3.16519e+02
         9.01444e+00         2.18121e+02        -1.62415e+02
         9.01747e+00         2.34346e+02        -2.14233e+02
         9.02050e+00         1.04975e+02        -5.46671e+02
         9.02353e+00         1.60995e+02        -2.21872e+02
         9.02656e+00         1.94915e+02        -2.21442e+02
         9.02958e+00         2.43093e+02        -1.50719e+02
         9.03264e+00         2.60076e+02        -2.41772e+02
         9.03567e+00         2.04698e+02        -4.04455e+02
         9.03869e+00         2.73661e+02        -1.73449e+02
         9.04172e+00         2.41382e+02        -2.35028e+02
         9.04475e+00         2.17016e+02        -3.27722e+02
         9.04778e+00         2.79389e+02        -2.76867e+02
         9.05081e+00         2.57127e+02        -2.61312e+02
         9.05383e+00         1.62189e+02        -3.35774e+02
         9.05689e+00         2.34537e+02        -3.02179e+02
         9.05992e+00         2.18706e+02        -2.67076e+02
         9.06294e+00         1.84042e+02        -2.25959e+02
         9.06597e+00         2.71036e+02        -3.34477e+02
         9.06900e+00         2.41165e+02        -3.60573e+02
         9.07203e+00         1.07715e+02        -3.69944e+02
         9.07506e+00         1.64888e+02        -3.58591e+02
         9.07808e+00         2.15088e+02        -3.71708e+02
         9.08111e+00         2.18786e+02        -3.44444e+02
         9.08417e+00         2.23992e+02        -3.57077e+02
         9.08719e+00         2.41320e+02        -4.17982e+02
         9.09022e+00         2.44716e+02        -4.70428e+02
         9.09325e+00         2.32357e+02        -4.25688e+02
         9.09628e+00         2.38597e+02        -4.51081e+02
         9.09931e+00         2.39054e+02        -5.27388e+02
         9.10233e+00         2.35444e+02        -5.78633e+02
         9.10536e+00         2.50176e+02        -5.39725e+02
         9.10839e+00         1.74930e+02        -5.37300e+02
         9.11144e+00         1.22846e+02        -7.88182e+02
         9.11447e+00         1.40254e+02        -7.76642e+02
         9.11750e+00         5.65653e+01        -7.50476e+02
         9.12053e+00         8.91317e+01        -8.86965e+02
         9.12356e+00         8.95766e+01        -9.17899e+02
         9.12658e+00         1.09443e+02        -8.33486e+02
         9.12961e+00         7.05892e+01        -7.78232e+02
         9.13264e+00         9.83387e+01        -8.24086e+02
         9.13569e+00         7.06736e+01        -7.64453e+02
         9.13872e+00         6.83058e+01        -7.56275e+02
         9.14175e+00         8.05107e+01        -7.15643e+02
         9.14478e+00         1.00238e+02        -7.49726e+02
         9.14781e+00         7.49513e+01        -7.55737e+02
         9.15083e+00         6.98538e+01        -7.84785e+02
         9.15386e+00         1.10255e+02        -7.00851e+02
         9.15689e+00         1.14127e+02        -7.23574e+02
         9.15992e+00         9.58294e+01        -8.08361e+02
         9.16297e+00         9.15843e+01        -7.29502e+02
         9.16600e+00         8.68950e+01        -7.04223e+02
         9.16903e+00         6.73994e+01        -7.06128e+02
         9.17206e+00         9.52561e+01        -6.99124e+02
         9.17508e+00         1.91111e+01        -8.34872e+02
         9.17811e+00         8.06572e+01        -8.08574e+02
         9.18114e+00         9.89964e+01        -8.09353e+02
         9.18417e+00         8.06849e+01        -8.27658e+02
         9.18722e+00         5.29841e+01        -8.55081e+02
         9.19025e+00         6.15010e+01        -8.02255e+02
         9.19328e+00         8.76376e+01        -7.92320e+02
         9.19631e+00         6.89779e+01        -7.78955e+02
         9.19933e+00         6.36136e+01        -7.34431e+02
         9.20236e+00         7.29457e+01        -6.95296e+02
         9.20539e+00         5.09503e+01        -6.51305e+02
         9.20842e+00         5.37184e+01        -6.13401e+02
         9.21144e+00         4.85193e+01        -5.66909e+02
         9.21450e+00         4.46758e+01        -5.25825e+02
         9.21753e+00         4.19793e+01        -4.67361e+02
         9.22056e+00         3.93625e+01        -4.27776e+02
         9.22358e+00         3.17873e+01        -3.90734e+02
         9.22661e+00         3.09510e+01        -3.60183e+02
         9.22964e+00         2.75094e+01        -3.34244e+02
         9.23267e+00         2.19484e+01        -2.92374e+02
         9.23569e+00         2.57572e+01        -2.67840e+02
         9.23872e+00         2.08003e+01        -2.41483e+02
         9.24178e+00         1.57431e+01        -2.25931e+02
         9.24481e+00         1.38690e+01        -2.20652e+02
         9.24783e+00         1.22972e+01        -2.09913e+02
         9.25086e+00         1.12632e+01        -1.94499e+02
         9.25389e+00         1.15988e+01        -1.86543e+02
         9.25692e+00         8.23104e+00        -1.71696e+02
         9.25994e+00         1.01463e+01        -1.57348e+02
         9.26297e+00         9.85414e+00        -1.47272e+02
         9.26603e+00         8.85917e+00        -1.42205e+02
         9.26906e+00         1.35872e+01        -1.29023e+02
         9.27208e+00         1.43003e+01        -1.18232e+02
         9.27511e+00         1.42337e+01        -1.18667e+02
         9.27814e+00         1.67273e+01        -1.16009e+02
         9.28117e+00         1.67110e+01        -1.10401e+02
         9.28419e+00         1.67056e+01        -1.04496e+02
         9.28722e+00         1.61534e+01        -1.00602e+02
         9.29025e+00         1.46535e+01        -9.79729e+01
         9.29331e+00         1.47046e+01        -9.24087e+01
         9.29633e+00         1.60071e+01        -8.89747e+01
         9.29936e+00         1.47084e+01        -9.10806e+01
         9.30239e+00         1.66279e+01        -9.13461e+01
         9.30542e+00         1.80649e+01        -8.67357e+01
         9.30844e+00         1.91803e+01        -8.33792e+01
         9.31147e+00         1.66660e+01        -8.28941e+01
         9.31450e+00         1.80152e+01        -8.03300e+01
         9.31753e+00         1.79942e+01        -7.88038e+01
         9.32058e+00         1.50958e+01        -8.13133e+01
         9.32361e+00         1.33450e+01        -7.71575e+01
         9.32664e+00         1.55320e+01        -7.08617e+01
         9.32967e+00         1.56229e+01        -6.84520e+01
         9.33269e+00         1.58508e+01        -6.54864e+01
         9.33572e+00         1.62189e+01        -6.12955e+01
         9.33875e+00         1.55164e+01        -6.31798e+01
         9.34178e+00         1.52025e+01        -6.15673e+01
         9.34483e+00         1.42653e+01        -6.04162e+01
         9.34786e+00         1.55978e+01        -5.89112e+01
         9.35089e+00         1.92361e+01        -5.52275e+01
         9.35392e+00         2.13769e+01        -5.22762e+01
         9.35694e+00         2.20807e+01        -5.15160e+01
         9.35997e+00         2.10629e+01        -5.17499e+01
         9.36300e+00         1.91430e+01        -5.02759e+01
         9.36603e+00         1.88652e+01        -5.04175e+01
         9.36906e+00         2.08628e+01        -4.45174e+01
         9.37211e+00         2.32102e+01        -4.42509e+01
         9.37514e+00         2.49456e+01        -4.51870e+01
         9.37817e+00         2.55941e+01        -4.63122e+01
         9.38119e+00         2.53893e+01        -4.95722e+01
         9.38422e+00         2.40427e+01        -4.82795e+01
         9.38725e+00         2.24753e+01        -4.71718e+01
         9.39028e+00         2.19127e+01        -4.69369e+01
         9.39331e+00         2.23513e+01        -4.75211e+01
         9.39636e+00         2.73310e+01        -4.74793e+01
         9.39939e+00         2.85113e+01        -4.84139e+01
         9.40242e+00         2.50878e+01        -5.17064e+01
         9.40544e+00         2.00726e+01        -4.90981e+01
         9.40847e+00         2.29492e+01        -5.33732e+01
         9.41150e+00         2.11809e+01        -5.76027e+01
         9.41453e+00         2.55363e+01        -5.46363e+01
         9.41756e+00         2.98817e+01        -5.23941e+01
         9.42058e+00         3.11739e+01        -5.54894e+01
         9.42364e+00         2.93866e+01        -5.53880e+01
         9.42667e+00         2.91354e+01        -5.74281e+01
         9.42969e+00         2.72486e+01        -5.24070e+01
         9.43272e+00         2.73409e+01        -5.32331e+01
         9.43575e+00         3.04078e+01        -4.83429e+01
         9.43878e+00         2.88091e+01        -5.06098e+01
         9.44181e+00         2.52665e+01        -5.46706e+01
         9.44483e+00         2.22804e+01        -5.27536e+01
         9.44789e+00         2.09380e+01        -5.47889e+01
         9.45092e+00         2.24353e+01        -4.76313e+01
         9.45394e+00         2.04881e+01        -5.06049e+01
         9.45697e+00         1.81202e+01        -5.27233e+01
         9.46000e+00         1.69309e+01        -5.34759e+01
         9.46303e+00         1.62363e+01        -5.11471e+01
         9.46606e+00         1.68509e+01        -4.88611e+01
         9.46908e+00         1.78109e+01        -4.59647e+01
         9.47211e+00         1.48024e+01        -4.54842e+01
         9.47517e+00         1.07409e+01        -4.12094e+01
         9.47819e+00         1.36992e+01        -4.35658e+01
         9.48122e+00         1.55750e+01        -4.17734e+01
         9.48425e+00         1.81413e+01        -3.46800e+01
         9.48728e+00         1.95108e+01        -3.05602e+01
         9.49031e+00         2.31353e+01        -2.54616e+01
         9.49333e+00         2.58783e+01        -2.41895e+01
         9.49636e+00         2.95735e+01        -1.74241e+01
         9.49939e+00         3.31262e+01        -1.48776e+01
