         6.00011e+00        -1.14390e+01
         6.00314e+00        -1.14157e+01
         6.00617e+00        -1.14452e+01
         6.00920e+00        -1.14539e+01
         6.01223e+00        -1.14780e+01
         6.01526e+00        -1.15477e+01
         6.01830e+00        -1.15866e+01
         6.02133e+00        -1.15163e+01
         6.02436e+00        -1.12741e+01
         6.02739e+00        -1.10836e+01
         6.03042e+00        -1.08446e+01
         6.03345e+00        -1.08119e+01
         6.03648e+00        -1.09058e+01
         6.03951e+00        -1.10444e+01
         6.04254e+00        -1.10094e+01
         6.04557e+00        -1.10470e+01
         6.04861e+00        -1.11429e+01
         6.05164e+00        -1.10033e+01
         6.05467e+00        -1.07079e+01
         6.05770e+00        -1.01726e+01
         6.06073e+00        -1.00564e+01
         6.06376e+00        -1.01129e+01
         6.06679e+00        -1.03261e+01
         6.06982e+00        -1.03844e+01
         6.07285e+00        -1.05212e+01
         6.07588e+00        -1.05537e+01
         6.07892e+00        -1.04906e+01
         6.08195e+00        -1.03093e+01
         6.08498e+00        -1.04422e+01
         6.08801e+00        -1.07459e+01
         6.09104e+00        -1.09358e+01
         6.09407e+00        -1.08143e+01
         6.09710e+00        -1.07130e+01
         6.10013e+00        -1.05554e+01
         6.10316e+00        -1.04152e+01
         6.10619e+00        -1.03302e+01
         6.10923e+00        -1.01756e+01
         6.11226e+00        -1.02604e+01
         6.11529e+00        -1.04169e+01
         6.11832e+00        -1.05717e+01
         6.12135e+00        -1.03003e+01
         6.12438e+00        -1.01203e+01
         6.12741e+00        -1.04367e+01
         6.13044e+00        -1.05988e+01
         6.13347e+00        -1.07736e+01
         6.13650e+00        -1.07585e+01
         6.13954e+00        -1.04958e+01
         6.14257e+00        -1.03296e+01
         6.14560e+00        -1.03645e+01
         6.14863e+00        -1.03998e+01
         6.15166e+00        -1.03500e+01
         6.15469e+00        -1.01360e+01
         6.15772e+00        -1.00938e+01
         6.16075e+00        -1.01142e+01
         6.16378e+00        -1.01966e+01
         6.16681e+00        -1.03205e+01
         6.16985e+00        -1.04198e+01
         6.17288e+00        -1.04874e+01
         6.17591e+00        -1.03756e+01
         6.17894e+00        -1.03271e+01
         6.18197e+00        -1.03910e+01
         6.18500e+00        -1.03397e+01
         6.18803e+00        -1.03045e+01
         6.19106e+00        -1.02518e+01
         6.19409e+00        -1.02930e+01
         6.19712e+00        -1.04336e+01
         6.20016e+00        -1.04630e+01
         6.20319e+00        -1.03003e+01
         6.20622e+00        -1.01592e+01
         6.20925e+00        -1.02036e+01
         6.21228e+00        -1.01722e+01
         6.21531e+00        -1.01497e+01
         6.21834e+00        -1.00131e+01
         6.22137e+00        -9.97745e+00
         6.22440e+00        -1.02197e+01
         6.22743e+00        -1.03477e+01
         6.23047e+00        -1.03050e+01
         6.23350e+00        -1.01982e+01
         6.23653e+00        -1.01496e+01
         6.23956e+00        -9.77235e+00
         6.24259e+00        -9.52659e+00
         6.24562e+00        -9.73808e+00
         6.24865e+00        -9.84725e+00
         6.25168e+00        -1.02590e+01
         6.25471e+00        -1.04963e+01
         6.25774e+00        -1.03601e+01
         6.26078e+00        -1.04876e+01
         6.26381e+00        -1.06958e+01
         6.26684e+00        -1.05198e+01
         6.26987e+00        -1.05401e+01
         6.27290e+00        -1.06665e+01
         6.27593e+00        -1.06389e+01
         6.27896e+00        -1.05345e+01
         6.28199e+00        -1.05896e+01
         6.28502e+00        -1.05328e+01
         6.28805e+00        -1.04807e+01
         6.29109e+00        -1.03964e+01
         6.29412e+00        -1.03048e+01
         6.29715e+00        -1.03254e+01
         6.30018e+00        -1.03428e+01
         6.30321e+00        -1.03448e+01
         6.30624e+00        -1.03957e+01
         6.30927e+00        -1.05437e+01
         6.31230e+00        -1.06344e+01
         6.31533e+00        -1.06330e+01
         6.31836e+00        -1.05560e+01
         6.32140e+00        -1.04759e+01
         6.32443e+00        -1.04729e+01
         6.32746e+00        -1.04489e+01
         6.33049e+00        -1.04944e+01
         6.33352e+00        -1.05315e+01
         6.33655e+00        -1.04842e+01
         6.33958e+00        -1.04179e+01
         6.34261e+00        -1.03985e+01
         6.34564e+00        -1.04145e+01
         6.34867e+00        -1.04371e+01
         6.35171e+00        -1.04699e+01
         6.35474e+00        -1.04799e+01
         6.35777e+00        -1.04699e+01
         6.36080e+00        -1.04356e+01
         6.36383e+00        -1.04436e+01
         6.36686e+00        -1.05043e+01
         6.36989e+00        -1.04997e+01
         6.37292e+00        -1.05546e+01
         6.37595e+00        -1.06882e+01
         6.37898e+00        -1.07165e+01
         6.38202e+00        -1.06846e+01
         6.38505e+00        -1.06535e+01
         6.38808e+00        -1.06441e+01
         6.39111e+00        -1.06140e+01
         6.39414e+00        -1.06034e+01
         6.39717e+00        -1.05795e+01
         6.40020e+00        -1.05189e+01
         6.40323e+00        -1.05144e+01
         6.40626e+00        -1.05287e+01
         6.40930e+00        -1.03991e+01
         6.41233e+00        -1.03870e+01
         6.41536e+00        -1.03602e+01
         6.41839e+00        -1.03259e+01
         6.42142e+00        -1.03334e+01
         6.42445e+00        -1.03742e+01
         6.42748e+00        -1.03233e+01
         6.43051e+00        -1.02817e+01
         6.43354e+00        -1.03160e+01
         6.43657e+00        -1.02917e+01
         6.43960e+00        -1.02232e+01
         6.44264e+00        -1.02490e+01
         6.44567e+00        -1.04448e+01
         6.44870e+00        -1.06777e+01
         6.45173e+00        -1.05530e+01
         6.45476e+00        -1.05253e+01
         6.45779e+00        -1.05380e+01
         6.46082e+00        -1.06058e+01
         6.46385e+00        -1.05448e+01
         6.46688e+00        -1.05789e+01
         6.46991e+00        -1.06545e+01
         6.47295e+00        -1.07466e+01
         6.47598e+00        -1.07503e+01
         6.47901e+00        -1.07416e+01
         6.48204e+00        -1.07137e+01
         6.48507e+00        -1.06723e+01
         6.48810e+00        -1.06347e+01
         6.49113e+00        -1.06428e+01
         6.49416e+00        -1.06985e+01
         6.49719e+00        -1.07305e+01
         6.50023e+00        -1.07560e+01
         6.50326e+00        -1.06845e+01
         6.50629e+00        -1.06097e+01
         6.50932e+00        -1.06682e+01
         6.51235e+00        -1.06411e+01
         6.51538e+00        -1.06115e+01
         6.51841e+00        -1.06326e+01
         6.52144e+00        -1.07340e+01
         6.52447e+00        -1.07642e+01
         6.52750e+00        -1.07214e+01
         6.53053e+00        -1.07643e+01
         6.53357e+00        -1.07856e+01
         6.53660e+00        -1.07418e+01
         6.53963e+00        -1.06905e+01
         6.54266e+00        -1.06263e+01
         6.54569e+00        -1.05857e+01
         6.54872e+00        -1.04983e+01
         6.55175e+00        -1.04652e+01
         6.55478e+00        -1.03846e+01
         6.55781e+00        -1.03456e+01
         6.56085e+00        -1.04018e+01
         6.56388e+00        -1.03948e+01
         6.56691e+00        -1.03125e+01
         6.56994e+00        -1.02759e+01
         6.57297e+00        -1.03184e+01
         6.57600e+00        -1.03582e+01
         6.57903e+00        -1.03796e+01
         6.58206e+00        -1.03965e+01
         6.58509e+00        -1.04905e+01
         6.58812e+00        -1.05218e+01
         6.59116e+00        -1.05403e+01
         6.59419e+00        -1.05789e+01
         6.59722e+00        -1.05964e+01
         6.60025e+00        -1.05467e+01
         6.60328e+00        -1.05287e+01
         6.60631e+00        -1.04485e+01
         6.60934e+00        -1.04240e+01
         6.61237e+00        -1.03866e+01
         6.61540e+00        -1.03653e+01
         6.61843e+00        -1.03820e+01
         6.62147e+00        -1.04043e+01
         6.62450e+00        -1.04292e+01
         6.62753e+00        -1.04210e+01
         6.63056e+00        -1.03775e+01
         6.63359e+00        -1.03424e+01
         6.63662e+00        -1.03131e+01
         6.63965e+00        -1.03202e+01
         6.64268e+00        -1.03164e+01
         6.64571e+00        -1.03870e+01
         6.64874e+00        -1.03631e+01
         6.65178e+00        -1.04120e+01
         6.65481e+00        -1.05236e+01
         6.65784e+00        -1.05296e+01
         6.66087e+00        -1.05437e+01
         6.66390e+00        -1.05205e+01
         6.66693e+00        -1.04662e+01
         6.66996e+00        -1.03792e+01
         6.67299e+00        -1.03545e+01
         6.67602e+00        -1.03971e+01
         6.67905e+00        -1.04605e+01
         6.68209e+00        -1.04080e+01
         6.68512e+00        -1.04096e+01
         6.68815e+00        -1.03294e+01
         6.69118e+00        -1.02418e+01
         6.69421e+00        -1.02126e+01
         6.69724e+00        -1.02974e+01
         6.70027e+00        -1.04031e+01
         6.70330e+00        -1.05193e+01
         6.70633e+00        -1.05648e+01
         6.70936e+00        -1.05589e+01
         6.71240e+00        -1.05381e+01
         6.71543e+00        -1.05161e+01
         6.71846e+00        -1.04764e+01
         6.72149e+00        -1.04661e+01
         6.72452e+00        -1.04875e+01
         6.72755e+00        -1.05039e+01
         6.73058e+00        -1.05032e+01
         6.73361e+00        -1.04578e+01
         6.73664e+00        -1.03935e+01
         6.73967e+00        -1.03428e+01
         6.74271e+00        -1.03498e+01
         6.74574e+00        -1.03814e+01
         6.74877e+00        -1.03563e+01
         6.75180e+00        -1.03628e+01
         6.75483e+00        -1.03841e+01
         6.75786e+00        -1.03705e+01
         6.76089e+00        -1.03531e+01
         6.76392e+00        -1.03677e+01
         6.76695e+00        -1.03525e+01
         6.76998e+00        -1.03550e+01
         6.77302e+00        -1.03925e+01
         6.77605e+00        -1.04363e+01
         6.77908e+00        -1.04598e+01
         6.78211e+00        -1.04461e+01
         6.78514e+00        -1.04182e+01
         6.78817e+00        -1.03856e+01
         6.79120e+00        -1.03619e+01
         6.79423e+00        -1.03228e+01
         6.79726e+00        -1.03058e+01
         6.80029e+00        -1.03168e+01
         6.80333e+00        -1.03348e+01
         6.80636e+00        -1.01897e+01
         6.80939e+00        -9.95407e+00
         6.81242e+00        -9.90549e+00
         6.81545e+00        -9.97549e+00
         6.81848e+00        -1.00059e+01
         6.82151e+00        -1.00226e+01
         6.82454e+00        -1.01151e+01
         6.82757e+00        -1.01481e+01
         6.83060e+00        -1.00398e+01
         6.83364e+00        -1.01201e+01
         6.83667e+00        -1.01541e+01
         6.83970e+00        -1.02135e+01
         6.84273e+00        -1.01705e+01
         6.84576e+00        -1.01563e+01
         6.84879e+00        -1.01601e+01
         6.85182e+00        -1.01369e+01
         6.85485e+00        -1.01270e+01
         6.85788e+00        -1.00102e+01
         6.86091e+00        -9.82992e+00
         6.86395e+00        -9.45621e+00
         6.86698e+00        -9.31834e+00
         6.87001e+00        -9.39749e+00
         6.87304e+00        -9.46186e+00
         6.87607e+00        -9.53241e+00
         6.87910e+00        -9.55153e+00
         6.88213e+00        -9.45049e+00
         6.88516e+00        -9.45772e+00
         6.88819e+00        -9.46517e+00
         6.89122e+00        -9.54375e+00
         6.89426e+00        -9.62985e+00
         6.89729e+00        -9.70986e+00
         6.90032e+00        -9.66184e+00
         6.90335e+00        -9.59925e+00
         6.90638e+00        -9.58243e+00
         6.90941e+00        -9.56411e+00
         6.91244e+00        -9.72751e+00
         6.91547e+00        -9.95970e+00
         6.91850e+00        -9.97119e+00
         6.92153e+00        -9.97898e+00
         6.92457e+00        -9.96772e+00
         6.92760e+00        -1.00053e+01
         6.93063e+00        -9.97007e+00
         6.93366e+00        -9.91488e+00
         6.93669e+00        -9.96202e+00
         6.93972e+00        -1.00072e+01
         6.94275e+00        -1.00135e+01
         6.94578e+00        -9.95797e+00
         6.94881e+00        -9.89472e+00
         6.95184e+00        -9.85609e+00
         6.95488e+00        -9.83296e+00
         6.95791e+00        -9.84233e+00
         6.96094e+00        -9.86730e+00
         6.96397e+00        -9.90644e+00
         6.96700e+00        -9.92677e+00
         6.97003e+00        -9.93239e+00
         6.97306e+00        -9.94226e+00
         6.97609e+00        -9.95471e+00
         6.97912e+00        -1.00075e+01
         6.98215e+00        -1.00679e+01
         6.98519e+00        -1.01159e+01
         6.98822e+00        -1.01973e+01
         6.99125e+00        -1.02502e+01
         6.99428e+00        -1.02745e+01
         6.99731e+00        -1.02627e+01
         7.00034e+00        -1.03214e+01
         7.00337e+00        -1.03839e+01
         7.00640e+00        -1.04242e+01
         7.00943e+00        -1.03991e+01
         7.01246e+00        -1.03289e+01
         7.01550e+00        -1.02805e+01
         7.01853e+00        -1.02520e+01
         7.02156e+00        -1.01924e+01
         7.02459e+00        -1.02327e+01
         7.02762e+00        -1.02250e+01
         7.03065e+00        -1.02211e+01
         7.03368e+00        -1.02517e+01
         7.03671e+00        -1.03156e+01
         7.03974e+00        -1.03486e+01
         7.04277e+00        -1.03623e+01
         7.04581e+00        -1.04230e+01
         7.04884e+00        -1.04340e+01
         7.05187e+00        -1.04186e+01
         7.05490e+00        -1.03911e+01
         7.05793e+00        -1.03542e+01
         7.06096e+00        -1.03325e+01
         7.06399e+00        -1.03083e+01
         7.06702e+00        -1.02758e+01
         7.07005e+00        -1.02624e+01
         7.07309e+00        -1.02492e+01
         7.07612e+00        -1.02591e+01
         7.07915e+00        -1.02491e+01
         7.08218e+00        -1.02062e+01
         7.08521e+00        -1.01737e+01
         7.08824e+00        -1.01452e+01
         7.09127e+00        -1.00773e+01
         7.09430e+00        -9.99021e+00
         7.09733e+00        -1.00342e+01
         7.10036e+00        -1.01460e+01
         7.10339e+00        -1.01468e+01
         7.10643e+00        -1.00860e+01
         7.10946e+00        -1.00304e+01
         7.11249e+00        -9.96492e+00
         7.11552e+00        -9.92259e+00
         7.11855e+00        -9.87016e+00
         7.12158e+00        -9.89024e+00
         7.12461e+00        -9.87485e+00
         7.12764e+00        -9.87948e+00
         7.13067e+00        -9.88789e+00
         7.13370e+00        -9.88616e+00
         7.13674e+00        -9.88040e+00
         7.13977e+00        -9.86450e+00
         7.14280e+00        -9.79614e+00
         7.14583e+00        -9.72723e+00
         7.14886e+00        -9.70922e+00
         7.15189e+00        -9.67998e+00
         7.15492e+00        -9.65331e+00
         7.15795e+00        -9.57523e+00
         7.16098e+00        -9.46975e+00
         7.16402e+00        -9.48435e+00
         7.16705e+00        -9.64444e+00
         7.17008e+00        -9.68694e+00
         7.17311e+00        -9.69786e+00
         7.17614e+00        -9.64750e+00
         7.17917e+00        -9.59296e+00
         7.18220e+00        -9.55194e+00
         7.18523e+00        -9.52887e+00
         7.18826e+00        -9.50824e+00
         7.19129e+00        -9.49210e+00
         7.19432e+00        -9.48390e+00
         7.19736e+00        -9.47446e+00
         7.20039e+00        -9.46726e+00
         7.20342e+00        -9.45265e+00
         7.20645e+00        -9.45946e+00
         7.20948e+00        -9.46107e+00
         7.21251e+00        -9.46133e+00
         7.21554e+00        -9.45769e+00
         7.21857e+00        -9.46134e+00
         7.22160e+00        -9.45864e+00
         7.22464e+00        -9.46341e+00
         7.22767e+00        -9.45781e+00
         7.23070e+00        -9.43057e+00
         7.23373e+00        -9.38769e+00
         7.23676e+00        -9.31686e+00
         7.23979e+00        -9.27959e+00
         7.24282e+00        -9.25453e+00
         7.24585e+00        -9.18718e+00
         7.24888e+00        -9.13338e+00
         7.25191e+00        -8.99680e+00
         7.25495e+00        -8.92486e+00
         7.25798e+00        -8.87937e+00
         7.26101e+00        -8.95425e+00
         7.26404e+00        -8.98903e+00
         7.26707e+00        -9.02836e+00
         7.27010e+00        -9.04523e+00
         7.27313e+00        -9.04781e+00
         7.27616e+00        -9.10724e+00
         7.27919e+00        -9.04195e+00
         7.28222e+00        -9.03477e+00
         7.28525e+00        -9.00648e+00
         7.28829e+00        -8.88541e+00
         7.29132e+00        -8.76428e+00
         7.29435e+00        -8.67413e+00
         7.29738e+00        -8.62820e+00
         7.30041e+00        -8.60006e+00
         7.30344e+00        -8.56895e+00
         7.30647e+00        -8.52766e+00
         7.30950e+00        -8.52659e+00
         7.31253e+00        -8.57489e+00
         7.31557e+00        -8.58146e+00
         7.31860e+00        -8.49365e+00
         7.32163e+00        -8.50424e+00
         7.32466e+00        -8.48324e+00
         7.32769e+00        -8.44240e+00
         7.33072e+00        -8.48565e+00
         7.33375e+00        -8.46414e+00
         7.33678e+00        -8.45897e+00
         7.33981e+00        -8.48642e+00
         7.34284e+00        -8.49015e+00
         7.34587e+00        -8.51188e+00
         7.34891e+00        -8.52225e+00
         7.35194e+00        -8.53104e+00
         7.35497e+00        -8.50328e+00
         7.35800e+00        -8.46435e+00
         7.36103e+00        -8.44461e+00
         7.36406e+00        -8.45205e+00
         7.36709e+00        -8.41909e+00
         7.37012e+00        -8.38989e+00
         7.37315e+00        -8.36859e+00
         7.37619e+00        -8.32416e+00
         7.37922e+00        -8.27547e+00
         7.38225e+00        -8.21498e+00
         7.38528e+00        -8.14516e+00
         7.38831e+00        -8.10347e+00
         7.39134e+00        -8.07931e+00
         7.39437e+00        -8.03354e+00
         7.39740e+00        -7.99453e+00
         7.40043e+00        -7.96229e+00
         7.40346e+00        -7.95845e+00
         7.40650e+00        -7.93190e+00
         7.40953e+00        -7.93704e+00
         7.41256e+00        -7.92823e+00
         7.41559e+00        -7.89325e+00
         7.41862e+00        -7.89788e+00
         7.42165e+00        -7.85339e+00
         7.42468e+00        -7.85839e+00
         7.42771e+00        -7.82393e+00
         7.43074e+00        -7.80724e+00
         7.43377e+00        -7.85065e+00
         7.43680e+00        -7.87787e+00
         7.43984e+00        -7.86144e+00
         7.44287e+00        -7.81294e+00
         7.44590e+00        -7.83531e+00
         7.44893e+00        -7.81788e+00
         7.45196e+00        -7.82065e+00
         7.45499e+00        -7.82728e+00
         7.45802e+00        -7.80802e+00
         7.46105e+00        -7.76483e+00
         7.46408e+00        -7.76495e+00
         7.46712e+00        -7.77411e+00
         7.47015e+00        -7.78054e+00
         7.47318e+00        -7.74429e+00
         7.47621e+00        -7.71444e+00
         7.47924e+00        -7.67975e+00
         7.48227e+00        -7.64259e+00
         7.48530e+00        -7.60677e+00
         7.48833e+00        -7.50790e+00
         7.49136e+00        -7.28525e+00
         7.49439e+00        -7.23173e+00
         7.49743e+00        -7.08340e+00
         7.50046e+00        -7.02830e+00
         7.50349e+00        -6.95493e+00
         7.50652e+00        -6.89630e+00
         7.50955e+00        -6.82861e+00
         7.51258e+00        -6.81468e+00
         7.51561e+00        -6.78344e+00
         7.51864e+00        -6.72895e+00
         7.52167e+00        -6.62570e+00
         7.52470e+00        -6.55265e+00
         7.52774e+00        -6.51710e+00
         7.53077e+00        -6.49500e+00
         7.53380e+00        -6.45493e+00
         7.53683e+00        -6.42340e+00
         7.53986e+00        -6.41703e+00
         7.54289e+00        -6.47679e+00
         7.54592e+00        -6.51032e+00
         7.54895e+00        -6.55994e+00
         7.55198e+00        -6.55346e+00
         7.55501e+00        -6.54477e+00
         7.55805e+00        -6.48338e+00
         7.56108e+00        -6.47264e+00
         7.56411e+00        -6.44643e+00
         7.56714e+00        -6.46011e+00
         7.57017e+00        -6.49950e+00
         7.57320e+00        -6.45976e+00
         7.57623e+00        -6.43588e+00
         7.57926e+00        -6.42282e+00
         7.58229e+00        -6.37296e+00
         7.58532e+00        -6.41046e+00
         7.58836e+00        -6.45404e+00
         7.59139e+00        -6.46994e+00
         7.59442e+00        -6.47164e+00
         7.59745e+00        -6.52078e+00
         7.60048e+00        -6.60112e+00
         7.60351e+00        -6.64175e+00
         7.60654e+00        -6.68309e+00
         7.60957e+00        -6.70745e+00
         7.61260e+00        -6.73313e+00
         7.61563e+00        -6.76773e+00
         7.61867e+00        -6.75509e+00
         7.62170e+00        -6.73324e+00
         7.62473e+00        -6.70991e+00
         7.62776e+00        -6.68071e+00
         7.63079e+00        -6.74164e+00
         7.63382e+00        -6.82154e+00
         7.63685e+00        -6.88346e+00
         7.63988e+00        -6.91918e+00
         7.64291e+00        -6.93197e+00
         7.64594e+00        -6.93046e+00
         7.64898e+00        -6.94659e+00
         7.65201e+00        -6.97592e+00
         7.65504e+00        -6.98870e+00
         7.65807e+00        -6.94385e+00
         7.66110e+00        -6.88531e+00
         7.66413e+00        -6.88946e+00
         7.66716e+00        -6.91266e+00
         7.67019e+00        -6.89403e+00
         7.67322e+00        -6.89857e+00
         7.67625e+00        -6.89664e+00
         7.67929e+00        -6.89326e+00
         7.68232e+00        -6.93754e+00
         7.68535e+00        -6.97424e+00
         7.68838e+00        -7.01261e+00
         7.69141e+00        -7.03348e+00
         7.69444e+00        -7.03635e+00
         7.69747e+00        -7.00045e+00
         7.70050e+00        -7.03446e+00
         7.70353e+00        -7.03454e+00
         7.70656e+00        -7.05058e+00
         7.70960e+00        -7.05466e+00
         7.71263e+00        -7.06356e+00
         7.71566e+00        -7.12279e+00
         7.71869e+00        -7.20062e+00
         7.72172e+00        -7.25855e+00
         7.72475e+00        -7.28628e+00
         7.72778e+00        -7.27971e+00
         7.73081e+00        -7.28701e+00
         7.73384e+00        -7.22287e+00
         7.73687e+00        -7.24000e+00
         7.73991e+00        -7.23742e+00
         7.74294e+00        -7.25257e+00
         7.74597e+00        -7.31340e+00
         7.74900e+00        -7.30637e+00
         7.75203e+00        -7.34387e+00
         7.75506e+00        -7.37449e+00
         7.75809e+00        -7.42375e+00
         7.76112e+00        -7.47626e+00
         7.76415e+00        -7.50965e+00
         7.76718e+00        -7.48424e+00
         7.77022e+00        -7.51075e+00
         7.77325e+00        -7.57016e+00
         7.77628e+00        -7.58175e+00
         7.77931e+00        -7.58314e+00
         7.78234e+00        -7.56998e+00
         7.78537e+00        -7.54783e+00
         7.78840e+00        -7.56476e+00
         7.79143e+00        -7.58713e+00
         7.79446e+00        -7.56881e+00
         7.79749e+00        -7.54600e+00
         7.80053e+00        -7.58978e+00
         7.80356e+00        -7.60723e+00
         7.80659e+00        -7.63818e+00
         7.80962e+00        -7.65734e+00
         7.81265e+00        -7.62962e+00
         7.81568e+00        -7.67205e+00
         7.81871e+00        -7.68155e+00
         7.82174e+00        -7.71436e+00
         7.82477e+00        -7.73977e+00
         7.82780e+00        -7.80170e+00
         7.83084e+00        -7.67694e+00
         7.83387e+00        -7.61182e+00
         7.83690e+00        -7.59498e+00
         7.83993e+00        -7.66837e+00
         7.84296e+00        -7.71928e+00
         7.84599e+00        -7.77923e+00
         7.84902e+00        -7.82974e+00
         7.85205e+00        -7.82987e+00
         7.85508e+00        -7.70367e+00
         7.85811e+00        -7.71906e+00
         7.86115e+00        -7.87877e+00
         7.86418e+00        -7.89876e+00
         7.86721e+00        -7.85043e+00
         7.87024e+00        -7.83152e+00
         7.87327e+00        -7.77837e+00
         7.87630e+00        -7.75971e+00
         7.87933e+00        -7.81937e+00
         7.88236e+00        -7.94446e+00
         7.88539e+00        -7.95903e+00
         7.88842e+00        -7.89556e+00
         7.89146e+00        -7.85138e+00
         7.89449e+00        -7.85382e+00
         7.89752e+00        -7.78285e+00
         7.90055e+00        -7.70926e+00
         7.90358e+00        -7.69493e+00
         7.90661e+00        -7.74610e+00
         7.90964e+00        -7.73557e+00
         7.91267e+00        -7.75568e+00
         7.91570e+00        -7.72525e+00
         7.91873e+00        -7.71285e+00
         7.92177e+00        -7.71516e+00
         7.92480e+00        -7.76465e+00
         7.92783e+00        -7.82854e+00
         7.93086e+00        -7.90534e+00
         7.93389e+00        -7.81957e+00
         7.93692e+00        -7.79213e+00
         7.93995e+00        -7.78926e+00
         7.94298e+00        -7.78622e+00
         7.94601e+00        -7.84620e+00
         7.94904e+00        -7.77695e+00
         7.95208e+00        -7.79712e+00
         7.95511e+00        -7.74718e+00
         7.95814e+00        -7.67922e+00
         7.96117e+00        -7.85033e+00
         7.96420e+00        -7.75252e+00
         7.96723e+00        -7.82631e+00
         7.97026e+00        -7.91099e+00
         7.97329e+00        -7.89624e+00
         7.97632e+00        -7.85955e+00
         7.97935e+00        -7.91227e+00
         7.98239e+00        -7.86803e+00
         7.98542e+00        -7.85527e+00
         7.98845e+00        -7.83456e+00
         7.99148e+00        -7.82963e+00
         7.99451e+00        -7.80102e+00
         7.99754e+00        -7.83199e+00
         8.00057e+00        -7.85033e+00
         8.00360e+00        -7.93466e+00
         8.00663e+00        -7.91433e+00
         8.00966e+00        -7.85274e+00
         8.01270e+00        -7.76262e+00
         8.01573e+00        -7.72292e+00
         8.01876e+00        -7.69867e+00
         8.02179e+00        -7.65730e+00
         8.02482e+00        -7.63195e+00
         8.02785e+00        -7.61812e+00
         8.03088e+00        -7.58226e+00
         8.03391e+00        -7.59685e+00
         8.03694e+00        -7.59024e+00
         8.03997e+00        -7.61642e+00
         8.04301e+00        -7.60701e+00
         8.04604e+00        -7.60401e+00
         8.04907e+00        -7.61043e+00
         8.05210e+00        -7.60365e+00
         8.05513e+00        -7.56679e+00
         8.05816e+00        -7.52926e+00
         8.06119e+00        -7.52476e+00
         8.06422e+00        -7.49046e+00
         8.06725e+00        -7.50966e+00
         8.07028e+00        -7.53869e+00
         8.07332e+00        -7.46916e+00
         8.07635e+00        -7.45956e+00
         8.07938e+00        -7.41627e+00
         8.08241e+00        -7.37342e+00
         8.08544e+00        -7.34837e+00
         8.08847e+00        -7.32543e+00
         8.09150e+00        -7.29568e+00
         8.09453e+00        -7.34084e+00
         8.09756e+00        -7.32953e+00
         8.10059e+00        -7.31575e+00
         8.10363e+00        -7.29081e+00
         8.10666e+00        -7.25732e+00
         8.10969e+00        -7.29011e+00
         8.11272e+00        -7.34940e+00
         8.11575e+00        -7.35262e+00
         8.11878e+00        -7.38290e+00
         8.12181e+00        -7.36665e+00
         8.12484e+00        -7.31625e+00
         8.12787e+00        -7.27784e+00
         8.13090e+00        -7.29243e+00
         8.13394e+00        -7.31859e+00
         8.13697e+00        -7.33163e+00
         8.14000e+00        -7.34254e+00
         8.14303e+00        -7.40894e+00
         8.14606e+00        -7.40454e+00
         8.14909e+00        -7.42946e+00
         8.15212e+00        -7.40199e+00
         8.15515e+00        -7.46248e+00
         8.15818e+00        -7.54271e+00
         8.16121e+00        -7.52883e+00
         8.16425e+00        -7.13935e+00
         8.16728e+00        -6.60832e+00
         8.17031e+00        -6.57879e+00
         8.17334e+00        -6.91742e+00
         8.17637e+00        -6.96326e+00
         8.17940e+00        -7.20368e+00
         8.18243e+00        -7.49744e+00
         8.18546e+00        -7.51773e+00
         8.18849e+00        -7.49304e+00
         8.19152e+00        -7.53268e+00
         8.19456e+00        -7.46894e+00
         8.19759e+00        -7.47056e+00
         8.20062e+00        -7.42314e+00
         8.20365e+00        -7.37435e+00
         8.20668e+00        -6.78203e+00
         8.20971e+00        -6.49505e+00
         8.21274e+00        -6.56728e+00
         8.21577e+00        -6.55884e+00
         8.21880e+00        -6.54308e+00
         8.22183e+00        -6.44049e+00
         8.22487e+00        -6.41158e+00
         8.22790e+00        -6.40048e+00
         8.23093e+00        -6.42756e+00
         8.23396e+00        -6.38674e+00
         8.23699e+00        -6.23343e+00
         8.24002e+00        -6.12589e+00
         8.24305e+00        -6.06611e+00
         8.24608e+00        -6.09858e+00
         8.24911e+00        -6.10394e+00
         8.25214e+00        -6.13736e+00
         8.25518e+00        -6.15923e+00
         8.25821e+00        -6.09829e+00
         8.26124e+00        -6.04326e+00
         8.26427e+00        -6.10922e+00
         8.26730e+00        -6.19893e+00
         8.27033e+00        -6.22210e+00
         8.27336e+00        -6.21487e+00
         8.27639e+00        -6.36702e+00
         8.27942e+00        -6.54568e+00
         8.28245e+00        -6.49058e+00
         8.28549e+00        -6.49996e+00
         8.28852e+00        -6.40482e+00
         8.29155e+00        -6.32231e+00
         8.29458e+00        -6.32806e+00
         8.29761e+00        -6.32784e+00
         8.30064e+00        -6.42254e+00
         8.30367e+00        -6.57776e+00
         8.30670e+00        -6.55821e+00
         8.30973e+00        -6.48042e+00
         8.31276e+00        -6.47764e+00
         8.31580e+00        -6.58083e+00
         8.31883e+00        -6.63924e+00
         8.32186e+00        -6.87882e+00
         8.32489e+00        -6.84969e+00
         8.32792e+00        -6.83943e+00
         8.33095e+00        -6.60003e+00
         8.33398e+00        -6.31195e+00
         8.33701e+00        -6.26203e+00
         8.34004e+00        -6.36465e+00
         8.34307e+00        -6.31408e+00
         8.34611e+00        -6.33983e+00
         8.34914e+00        -6.19949e+00
         8.35217e+00        -6.33740e+00
         8.35520e+00        -6.29753e+00
         8.35823e+00        -6.28896e+00
         8.36126e+00        -6.29957e+00
         8.36429e+00        -6.28307e+00
         8.36732e+00        -6.19956e+00
         8.37035e+00        -5.97574e+00
         8.37338e+00        -5.87079e+00
         8.37642e+00        -5.78010e+00
         8.37945e+00        -5.80862e+00
         8.38248e+00        -5.85929e+00
         8.38551e+00        -5.92024e+00
         8.38854e+00        -6.05288e+00
         8.39157e+00        -6.20647e+00
         8.39460e+00        -6.26112e+00
         8.39763e+00        -6.37018e+00
         8.40066e+00        -6.36762e+00
         8.40369e+00        -6.36803e+00
         8.40673e+00        -6.36303e+00
         8.40976e+00        -6.41817e+00
         8.41279e+00        -6.41877e+00
         8.41582e+00        -6.41614e+00
         8.41885e+00        -6.37290e+00
         8.42188e+00        -6.48535e+00
         8.42491e+00        -6.57292e+00
         8.42794e+00        -6.46844e+00
         8.43097e+00        -6.33603e+00
         8.43400e+00        -6.31471e+00
         8.43704e+00        -6.39571e+00
         8.44007e+00        -6.42549e+00
         8.44310e+00        -6.43926e+00
         8.44613e+00        -6.43761e+00
         8.44916e+00        -6.41279e+00
         8.45219e+00        -6.36623e+00
         8.45522e+00        -6.37674e+00
         8.45825e+00        -6.37247e+00
         8.46128e+00        -6.40699e+00
         8.46431e+00        -6.42028e+00
         8.46735e+00        -6.44411e+00
         8.47038e+00        -6.41061e+00
         8.47341e+00        -6.35047e+00
         8.47644e+00        -6.33076e+00
         8.47947e+00        -6.36470e+00
         8.48250e+00        -6.37996e+00
         8.48553e+00        -6.38992e+00
         8.48856e+00        -6.37304e+00
         8.49159e+00        -6.33847e+00
         8.49462e+00        -6.28338e+00
         8.49766e+00        -6.31075e+00
         8.50069e+00        -6.35602e+00
         8.50372e+00        -6.39082e+00
         8.50675e+00        -6.36396e+00
         8.50978e+00        -6.33202e+00
         8.51281e+00        -6.27344e+00
         8.51584e+00        -6.30034e+00
         8.51887e+00        -6.38228e+00
         8.52190e+00        -6.39885e+00
         8.52493e+00        -6.40554e+00
         8.52797e+00        -6.40518e+00
         8.53100e+00        -6.41154e+00
         8.53403e+00        -6.43440e+00
         8.53706e+00        -6.42071e+00
         8.54009e+00        -6.41482e+00
         8.54312e+00        -6.40926e+00
         8.54615e+00        -6.39557e+00
         8.54918e+00        -6.41857e+00
         8.55221e+00        -6.39711e+00
         8.55524e+00        -6.33200e+00
         8.55828e+00        -6.32807e+00
         8.56131e+00        -6.31347e+00
         8.56434e+00        -6.32342e+00
         8.56737e+00        -6.38233e+00
         8.57040e+00        -6.41317e+00
         8.57343e+00        -6.38956e+00
         8.57646e+00        -6.37908e+00
         8.57949e+00        -6.39711e+00
         8.58252e+00        -6.38442e+00
         8.58555e+00        -6.45631e+00
         8.58859e+00        -6.45727e+00
         8.59162e+00        -6.46094e+00
         8.59465e+00        -6.49387e+00
         8.59768e+00        -6.53663e+00
         8.60071e+00        -6.51800e+00
         8.60374e+00        -6.52050e+00
         8.60677e+00        -6.53833e+00
         8.60980e+00        -6.56921e+00
         8.61283e+00        -6.60166e+00
         8.61586e+00        -6.54239e+00
         8.61890e+00        -6.51717e+00
         8.62193e+00        -6.55824e+00
         8.62496e+00        -6.64287e+00
         8.62799e+00        -6.67991e+00
         8.63102e+00        -6.63637e+00
         8.63405e+00        -6.64758e+00
         8.63708e+00        -6.62408e+00
         8.64011e+00        -6.59775e+00
         8.64314e+00        -6.64236e+00
         8.64617e+00        -6.59894e+00
         8.64921e+00        -6.55823e+00
         8.65224e+00        -6.56827e+00
         8.65527e+00        -6.64804e+00
         8.65830e+00        -6.71491e+00
         8.66133e+00        -6.64965e+00
         8.66436e+00        -6.62460e+00
         8.66739e+00        -6.64915e+00
         8.67042e+00        -6.60555e+00
         8.67345e+00        -6.68659e+00
         8.67648e+00        -6.74280e+00
         8.67952e+00        -6.74758e+00
         8.68255e+00        -6.77681e+00
         8.68558e+00        -6.78407e+00
         8.68861e+00        -6.74282e+00
         8.69164e+00        -6.74547e+00
         8.69467e+00        -6.79241e+00
         8.69770e+00        -6.82662e+00
         8.70073e+00        -6.80636e+00
         8.70376e+00        -6.80600e+00
         8.70679e+00        -6.79770e+00
         8.70983e+00        -6.79894e+00
         8.71286e+00        -6.77750e+00
         8.71589e+00        -6.78848e+00
         8.71892e+00        -6.81723e+00
         8.72195e+00        -6.85189e+00
         8.72498e+00        -6.85563e+00
         8.72801e+00        -6.87395e+00
         8.73104e+00        -6.86451e+00
         8.73407e+00        -6.83449e+00
         8.73710e+00        -6.85828e+00
         8.74014e+00        -6.86902e+00
         8.74317e+00        -6.81089e+00
         8.74620e+00        -6.79909e+00
         8.74923e+00        -6.85967e+00
         8.75226e+00        -6.86731e+00
         8.75529e+00        -6.86297e+00
         8.75832e+00        -6.86200e+00
         8.76135e+00        -6.87686e+00
         8.76438e+00        -6.90974e+00
         8.76741e+00        -6.92526e+00
         8.77045e+00        -6.90636e+00
         8.77348e+00        -6.90482e+00
         8.77651e+00        -6.90301e+00
         8.77954e+00        -6.89366e+00
         8.78257e+00        -6.88635e+00
         8.78560e+00        -6.87519e+00
         8.78863e+00        -6.88995e+00
         8.79166e+00        -6.90505e+00
         8.79469e+00        -6.90460e+00
         8.79772e+00        -6.89344e+00
         8.80076e+00        -6.90790e+00
         8.80379e+00        -6.93381e+00
         8.80682e+00        -6.96220e+00
         8.80985e+00        -6.99083e+00
         8.81288e+00        -7.04728e+00
         8.81591e+00        -6.99410e+00
         8.81894e+00        -6.88852e+00
         8.82197e+00        -6.98278e+00
         8.82500e+00        -6.83619e+00
         8.82803e+00        -6.69678e+00
         8.83107e+00        -6.83034e+00
         8.83410e+00        -6.84556e+00
         8.83713e+00        -6.91397e+00
         8.84016e+00        -6.88370e+00
         8.84319e+00        -6.82744e+00
         8.84622e+00        -6.59273e+00
         8.84925e+00        -6.60940e+00
         8.85228e+00        -6.66891e+00
         8.85531e+00        -6.87250e+00
         8.85834e+00        -6.75188e+00
         8.86138e+00        -6.67333e+00
         8.86441e+00        -6.69076e+00
         8.86744e+00        -6.68946e+00
         8.87047e+00        -6.83096e+00
         8.87350e+00        -6.65029e+00
         8.87653e+00        -6.65406e+00
         8.87956e+00        -6.70218e+00
         8.88259e+00        -6.61229e+00
         8.88562e+00        -6.61156e+00
         8.88865e+00        -6.67126e+00
         8.89169e+00        -6.63223e+00
         8.89472e+00        -6.75814e+00
         8.89775e+00        -6.61521e+00
         8.90078e+00        -6.55842e+00
         8.90381e+00        -6.52956e+00
         8.90684e+00        -6.55022e+00
         8.90987e+00        -6.60657e+00
         8.91290e+00        -6.63152e+00
         8.91593e+00        -6.55404e+00
         8.91896e+00        -6.53051e+00
         8.92200e+00        -6.62894e+00
         8.92503e+00        -6.68734e+00
         8.92806e+00        -6.70403e+00
         8.93109e+00        -6.70408e+00
         8.93412e+00        -6.66540e+00
         8.93715e+00        -6.61965e+00
         8.94018e+00        -6.56935e+00
         8.94321e+00        -6.67471e+00
         8.94624e+00        -6.66726e+00
         8.94928e+00        -6.61834e+00
         8.95231e+00        -6.64382e+00
         8.95534e+00        -6.59358e+00
         8.95837e+00        -6.58112e+00
         8.96140e+00        -6.61904e+00
         8.96443e+00        -6.65697e+00
         8.96746e+00        -6.63894e+00
         8.97049e+00        -6.62195e+00
         8.97352e+00        -6.63338e+00
         8.97655e+00        -6.67493e+00
         8.97958e+00        -6.63547e+00
         8.98262e+00        -6.61799e+00
         8.98565e+00        -6.63162e+00
         8.98868e+00        -6.60617e+00
         8.99171e+00        -6.51116e+00
         8.99474e+00        -6.51992e+00
         8.99777e+00        -6.44316e+00
         9.00080e+00        -6.35542e+00
         9.00383e+00        -6.45846e+00
         9.00686e+00        -6.42448e+00
         9.00989e+00        -6.37125e+00
         9.01293e+00        -6.36359e+00
         9.01596e+00        -6.35405e+00
         9.01899e+00        -6.37793e+00
         9.02202e+00        -6.40039e+00
         9.02505e+00        -6.42804e+00
         9.02808e+00        -6.39728e+00
         9.03111e+00        -6.33601e+00
         9.03414e+00        -6.31374e+00
         9.03717e+00        -6.31129e+00
         9.04021e+00        -6.31648e+00
         9.04324e+00        -6.31368e+00
         9.04627e+00        -6.32020e+00
         9.04930e+00        -6.30726e+00
         9.05233e+00        -6.30515e+00
         9.05536e+00        -6.34588e+00
         9.05839e+00        -6.31922e+00
         9.06142e+00        -6.27537e+00
         9.06445e+00        -6.28123e+00
         9.06748e+00        -6.06472e+00
         9.07051e+00        -6.07891e+00
         9.07355e+00        -6.07852e+00
         9.07658e+00        -6.12331e+00
         9.07961e+00        -6.07649e+00
         9.08264e+00        -6.00213e+00
         9.08567e+00        -6.00661e+00
         9.08870e+00        -6.05645e+00
         9.09173e+00        -6.04587e+00
         9.09476e+00        -6.02165e+00
         9.09779e+00        -5.93612e+00
         9.10083e+00        -5.82569e+00
         9.10386e+00        -5.79570e+00
         9.10689e+00        -5.21777e+00
         9.10992e+00        -5.01577e+00
         9.11295e+00        -4.22610e+00
         9.11598e+00        -3.76615e+00
         9.11901e+00        -2.76600e+00
         9.12204e+00        -3.02336e+00
         9.12507e+00        -2.82584e+00
         9.12810e+00        -2.54494e+00
         9.13114e+00        -2.43541e+00
         9.13417e+00        -2.78397e+00
         9.13720e+00        -2.27840e+00
         9.14023e+00        -1.89594e+00
         9.14326e+00        -1.82192e+00
         9.14629e+00        -1.81472e+00
         9.14932e+00        -1.93150e+00
         9.15235e+00        -1.67209e+00
         9.15538e+00        -1.66288e+00
         9.15841e+00        -1.84643e+00
         9.16144e+00        -1.65539e+00
         9.16448e+00        -1.68920e+00
         9.16751e+00        -1.73978e+00
         9.17054e+00        -1.55290e+00
         9.17357e+00        -2.03729e+00
         9.17660e+00        -1.44323e+00
         9.17963e+00        -1.37738e+00
         9.18266e+00        -1.40649e+00
         9.18569e+00        -1.43507e+00
         9.18872e+00        -1.39576e+00
         9.19176e+00        -1.28513e+00
         9.19479e+00        -1.30048e+00
         9.19782e+00        -1.28316e+00
         9.20085e+00        -1.23941e+00
         9.20388e+00        -1.28797e+00
         9.20691e+00        -1.23921e+00
         9.20994e+00        -1.24064e+00
         9.21297e+00        -1.24620e+00
         9.21600e+00        -1.26543e+00
         9.21903e+00        -1.25893e+00
         9.22207e+00        -1.24862e+00
         9.22510e+00        -1.24615e+00
         9.22813e+00        -1.24046e+00
         9.23116e+00        -1.24416e+00
         9.23419e+00        -1.23792e+00
         9.23722e+00        -1.23517e+00
         9.24025e+00        -1.22888e+00
         9.24328e+00        -1.21756e+00
         9.24631e+00        -1.21979e+00
         9.24934e+00        -1.21359e+00
         9.25238e+00        -1.19786e+00
         9.25541e+00        -1.19847e+00
         9.25844e+00        -1.17844e+00
         9.26147e+00        -1.18207e+00
         9.26450e+00        -1.17252e+00
         9.26753e+00        -1.16073e+00
         9.27056e+00        -1.16725e+00
         9.27359e+00        -1.19273e+00
         9.27662e+00        -1.19258e+00
         9.27965e+00        -1.18068e+00
         9.28269e+00        -1.15620e+00
         9.28572e+00        -1.13806e+00
         9.28875e+00        -1.11539e+00
         9.29178e+00        -1.11442e+00
         9.29481e+00        -1.11877e+00
         9.29784e+00        -1.12933e+00
         9.30087e+00        -1.14244e+00
         9.30390e+00        -1.14923e+00
         9.30693e+00        -1.13514e+00
         9.30996e+00        -1.13821e+00
         9.31300e+00        -1.12426e+00
         9.31603e+00        -1.11125e+00
         9.31906e+00        -1.10131e+00
         9.32209e+00        -1.08518e+00
         9.32512e+00        -1.06329e+00
         9.32815e+00        -1.07164e+00
         9.33118e+00        -1.08835e+00
         9.33421e+00        -1.10020e+00
         9.33724e+00        -1.10116e+00
         9.34027e+00        -1.10457e+00
         9.34331e+00        -1.10934e+00
         9.34634e+00        -1.11235e+00
         9.34937e+00        -1.10837e+00
         9.35240e+00        -1.09904e+00
         9.35543e+00        -1.09358e+00
         9.35846e+00        -1.09804e+00
         9.36149e+00        -1.09495e+00
         9.36452e+00        -1.08932e+00
         9.36755e+00        -1.08252e+00
         9.37058e+00        -1.08690e+00
         9.37362e+00        -1.08595e+00
         9.37665e+00        -1.08931e+00
         9.37968e+00        -1.09471e+00
         9.38271e+00        -1.09720e+00
         9.38574e+00        -1.10004e+00
         9.38877e+00        -1.10465e+00
         9.39180e+00        -1.10511e+00
         9.39483e+00        -1.09659e+00
         9.39786e+00        -1.09646e+00
         9.40089e+00        -1.09210e+00
         9.40393e+00        -1.07869e+00
         9.40696e+00        -1.03391e+00
         9.40999e+00        -1.05033e+00
         9.41302e+00        -1.05753e+00
         9.41605e+00        -1.06747e+00
         9.41908e+00        -1.05301e+00
         9.42211e+00        -1.03984e+00
         9.42514e+00        -1.02362e+00
         9.42817e+00        -1.03316e+00
         9.43120e+00        -1.03923e+00
         9.43424e+00        -1.02987e+00
         9.43727e+00        -1.02418e+00
         9.44030e+00        -1.02854e+00
         9.44333e+00        -1.01874e+00
         9.44636e+00        -1.02533e+00
         9.44939e+00        -1.02288e+00
         9.45242e+00        -1.02292e+00
         9.45545e+00        -1.02557e+00
         9.45848e+00        -1.02443e+00
         9.46151e+00        -1.02739e+00
         9.46455e+00        -1.02457e+00
         9.46758e+00        -1.01578e+00
         9.47061e+00        -1.00042e+00
         9.47364e+00        -9.97285e-01
         9.47667e+00        -9.98702e-01
         9.47970e+00        -9.88316e-01
         9.48273e+00        -9.84936e-01
         9.48576e+00        -9.94784e-01
         9.48879e+00        -9.95693e-01
         9.49182e+00        -9.94839e-01
         9.49486e+00        -9.97601e-01
         9.49789e+00        -9.97110e-01
