         1.06679e+01         1.09324e+01        -5.90907e+01
         1.06710e+01         1.43470e+01        -5.97830e+01
         1.06740e+01         1.16066e+01        -5.98696e+01
         1.06770e+01         9.81969e+00        -6.65708e+01
         1.06801e+01         1.98388e+01        -5.04799e+01
         1.06831e+01         2.17151e+01        -7.72328e+01
         1.06861e+01         2.44296e+01        -7.27949e+01
         1.06892e+01         1.32396e+01        -8.14663e+01
         1.06922e+01         5.36972e+00        -5.49778e+01
         1.06952e+01         5.45537e+00        -8.62267e+01
         1.06982e+01         3.96812e+00        -8.80749e+01
         1.07013e+01         3.04591e+00        -7.99802e+01
         1.07043e+01         8.57697e-01        -8.79570e+01
         1.07073e+01         1.13501e+01        -9.39803e+01
         1.07104e+01         2.42099e+00        -1.10628e+02
         1.07134e+01         8.48982e+00        -9.88689e+01
         1.07164e+01         4.70940e-01        -1.20637e+02
         1.07195e+01        -7.41093e+00        -1.00941e+02
         1.07225e+01        -4.85897e+00        -1.10432e+02
         1.07255e+01         1.72066e+01        -1.01265e+02
         1.07286e+01         7.55331e+00        -1.17902e+02
         1.07316e+01         1.50187e+01        -1.05581e+02
         1.07346e+01         1.60485e+01        -1.07748e+02
         1.07376e+01         1.17646e+01        -1.22122e+02
         1.07407e+01         1.34668e+01        -9.91336e+01
         1.07437e+01         2.37206e+01        -1.06989e+02
         1.07468e+01         2.67242e+01        -1.19034e+02
         1.07498e+01         8.53196e+00        -1.14729e+02
         1.07528e+01         9.98422e+00        -8.25600e+01
         1.07558e+01         1.11507e+01        -1.18650e+02
         1.07589e+01         1.75166e+01        -9.73757e+01
         1.07619e+01         1.03189e+01        -1.11780e+02
         1.07649e+01         1.11923e+01        -1.23637e+02
         1.07680e+01         5.55753e+00        -8.12700e+01
         1.07710e+01         8.41810e-01        -9.93576e+01
         1.07740e+01         2.36942e+00        -9.37275e+01
         1.07771e+01         1.51639e+01        -1.06461e+02
         1.07801e+01         1.56656e+01        -1.20636e+02
         1.07831e+01         7.05571e+00        -1.10404e+02
         1.07862e+01         1.15453e+01        -5.95278e+01
         1.07892e+01         9.80686e+00        -1.01988e+02
         1.07922e+01         1.62038e+01        -9.20981e+01
         1.07953e+01         1.40593e+01        -6.65343e+01
         1.07983e+01         1.31375e+01        -8.60299e+01
         1.08013e+01         1.03598e+01        -8.52255e+01
         1.08044e+01         1.91544e+01        -5.63526e+01
         1.08074e+01         9.13847e+00        -5.74291e+01
         1.08104e+01         2.57216e+01        -6.65828e+01
         1.08135e+01         2.29421e+01        -7.43632e+01
         1.08165e+01         1.27136e+01        -6.55186e+01
         1.08195e+01         5.76580e+00        -6.68968e+01
         1.08226e+01         1.73477e+01        -7.04503e+01
         1.08256e+01         1.34188e+01        -8.79574e+01
         1.08286e+01         8.63337e+00        -7.64334e+01
         1.08317e+01         1.05968e+01        -7.25044e+01
         1.08347e+01         8.88206e+00        -9.10537e+01
         1.08377e+01         8.31959e+00        -1.10902e+02
         1.08408e+01         2.37627e+00        -9.00261e+01
         1.08438e+01         2.98325e+00        -7.91331e+01
         1.08468e+01        -2.43145e+00        -1.08664e+02
         1.08499e+01         4.15815e+00        -1.03113e+02
         1.08529e+01        -1.21727e+01        -1.12180e+02
         1.08559e+01        -1.24543e+01        -8.81690e+01
         1.08590e+01        -6.86010e+00        -9.66159e+01
         1.08620e+01         4.44026e+00        -1.12586e+02
         1.08651e+01         2.52580e+00        -1.06383e+02
         1.08681e+01         3.29421e+00        -9.51799e+01
         1.08711e+01         3.63606e+00        -9.91234e+01
         1.08742e+01         1.32492e+00        -8.43615e+01
         1.08772e+01        -3.21298e+00        -8.47397e+01
         1.08802e+01         5.14057e+00        -8.66194e+01
         1.08832e+01         7.60139e+00        -8.63251e+01
         1.08863e+01         1.30760e+01        -9.08149e+01
         1.08893e+01         2.68761e+00        -1.08051e+02
         1.08924e+01         1.10790e+01        -9.74889e+01
         1.08954e+01         1.34766e+01        -8.65456e+01
         1.08984e+01         1.59309e+01        -1.07846e+02
         1.09015e+01         4.52042e+00        -9.41288e+01
         1.09045e+01         2.72052e+01        -1.28183e+02
         1.09075e+01         9.68094e+00        -9.64943e+01
         1.09106e+01         5.40082e+00        -1.24811e+02
         1.09136e+01        -4.53038e+00        -1.21043e+02
         1.09166e+01         9.49184e+00        -9.26824e+01
         1.09197e+01         1.41475e+01        -9.43795e+01
         1.09227e+01         7.44713e+00        -1.06169e+02
         1.09257e+01         5.53341e+00        -1.06048e+02
         1.09288e+01        -9.15037e-01        -1.49128e+02
         1.09318e+01         1.82011e+01        -8.52138e+01
         1.09349e+01        -5.72767e+00        -1.25987e+02
         1.09379e+01        -3.14060e+00        -1.22642e+02
         1.09409e+01         2.71416e+01        -1.08184e+02
         1.09440e+01         1.65558e+01        -1.07781e+02
         1.09470e+01         2.65584e+00        -7.43677e+01
         1.09500e+01         3.20793e+01        -1.05362e+02
         1.09531e+01         1.64158e+01        -1.23966e+02
         1.09561e+01         1.03186e+01        -1.27114e+02
         1.09591e+01         6.41557e+00        -1.04620e+02
         1.09622e+01         5.10269e+00        -9.10266e+01
         1.09652e+01         1.21320e+01        -8.53860e+01
         1.09682e+01         1.33058e+01        -9.19535e+01
         1.09713e+01        -1.66333e+01        -6.36588e+01
         1.09743e+01         1.80454e+01        -1.01884e+02
         1.09774e+01         1.06036e+00        -9.29903e+01
         1.09804e+01         4.01532e+00        -1.03166e+02
         1.09834e+01         3.39821e+00        -1.26816e+02
         1.09865e+01        -8.40533e+00        -1.14933e+02
         1.09895e+01         8.96625e-01        -7.45154e+01
         1.09925e+01        -2.27587e+00        -1.02042e+02
         1.09956e+01         1.85520e+00        -1.04016e+02
         1.09986e+01        -3.28032e+00        -1.15363e+02
         1.10016e+01        -7.27627e+00        -1.24488e+02
         1.10047e+01         5.33022e+00        -8.67050e+01
         1.10077e+01        -1.24110e+00        -1.01855e+02
         1.10107e+01         5.97005e+00        -1.40498e+02
         1.10138e+01        -1.01391e+01        -1.60296e+02
         1.10168e+01        -1.44174e+00        -5.28607e+01
         1.10199e+01        -5.64562e+00        -8.84930e+01
         1.10229e+01         1.83753e+00        -1.02493e+02
         1.10259e+01         2.15060e+00        -1.46675e+02
         1.10290e+01        -1.23096e+01        -1.48516e+02
         1.10320e+01         5.33415e+00        -3.48364e+01
         1.10350e+01        -8.80584e-01        -7.83528e+01
         1.10381e+01        -1.12164e+01        -9.83642e+01
         1.10411e+01         2.82827e+01        -1.02943e+02
         1.10441e+01        -2.26102e+01        -9.91853e+01
         1.10472e+01         1.90875e-01        -4.28606e+01
         1.10502e+01         3.65482e+00        -5.42160e+01
         1.10532e+01        -9.60309e+00        -8.92682e+01
         1.10563e+01        -1.33177e+01        -1.22467e+02
         1.10593e+01        -1.06827e+01        -1.56688e+01
         1.10624e+01         5.74598e+00        -4.62967e+01
         1.10654e+01        -9.01832e+00        -8.22708e+01
         1.10684e+01        -1.85009e+01        -8.20140e+01
         1.10715e+01        -1.71308e+01        -1.14400e+02
         1.10745e+01        -1.72966e+01        -7.68139e+01
         1.10776e+01        -1.22902e+01        -8.19350e+01
         1.10806e+01        -4.42947e+00        -9.93122e+01
         1.10836e+01        -7.68765e+00        -1.62249e+02
         1.10867e+01        -1.80382e+01        -4.02846e+01
         1.10897e+01        -3.50784e+00        -5.56399e+01
         1.10927e+01        -1.82618e+01        -1.19156e+02
         1.10958e+01        -1.59802e+01        -1.18347e+02
         1.10988e+01         3.06427e+00        -1.16217e+02
         1.11018e+01         3.23524e+00        -9.08763e+01
         1.11049e+01         6.59372e+00        -8.02999e+01
         1.11079e+01        -2.01541e+00        -1.02495e+02
         1.11109e+01         1.12336e+01        -1.56661e+02
         1.11140e+01        -1.26319e+01        -9.06308e+01
         1.11170e+01         1.00382e+01        -3.45761e+01
         1.11201e+01        -4.21037e+00        -1.02824e+02
         1.11231e+01        -4.11896e+00        -9.57149e+01
         1.11261e+01         1.14504e+01        -8.57435e+01
         1.11292e+01         2.54778e-01        -8.16261e+01
         1.11322e+01         1.75313e+00        -4.15395e+01
         1.11353e+01         1.40081e+01        -3.71544e+01
         1.11383e+01         1.98103e+01        -7.56011e+01
         1.11413e+01         4.73356e+00        -1.26436e+02
         1.11444e+01         1.18586e+01         3.14365e+01
         1.11474e+01         1.64485e+01        -1.08310e+01
         1.11504e+01        -7.07683e+00        -4.47005e+01
         1.11535e+01        -4.75401e+00        -4.89742e+01
         1.11565e+01         1.28532e+01        -5.75652e+01
         1.11595e+01         1.07091e+01        -3.34140e+01
         1.11626e+01         8.46131e+00        -1.51352e+01
         1.11656e+01         1.43948e+01        -2.26208e+01
         1.11686e+01         1.04701e+01        -8.15837e+01
         1.11717e+01        -1.39891e+01        -1.23429e+02
         1.11747e+01         2.74431e+00         3.31935e+01
         1.11777e+01         7.24600e+00        -3.83786e+01
         1.11808e+01        -2.09778e+01        -6.87419e+01
         1.11838e+01        -1.61302e+01        -7.57109e+01
         1.11869e+01        -2.29417e+01        -6.36890e+01
         1.11899e+01         9.83788e+00        -3.45080e+01
         1.11929e+01         1.80125e+00        -3.80332e+01
         1.11960e+01         8.04770e+00        -2.76910e+01
         1.11990e+01         1.00837e+01        -6.75190e+01
         1.12021e+01        -1.01306e+01        -1.46855e+02
         1.12051e+01        -5.70086e+00         1.11652e+01
         1.12081e+01         7.44459e+00         1.66840e+01
         1.12112e+01         7.75397e+00        -5.58451e+01
         1.12142e+01        -3.98658e+00        -8.03128e+01
         1.12172e+01        -8.84320e+00        -1.34699e+02
         1.12203e+01        -3.45556e+01        -2.17458e+01
         1.12233e+01        -1.27436e+01         3.27699e+01
         1.12264e+01         1.35056e+01         2.54391e+01
         1.12294e+01         6.58235e+00        -1.15511e+02
         1.12324e+01         1.43337e+01        -1.06573e+02
         1.12355e+01        -2.72562e+01        -8.36349e+01
         1.12385e+01         4.74189e+00         4.21643e+01
         1.12415e+01        -6.82251e-02         7.02300e+00
         1.12446e+01        -1.12048e+01        -2.03952e+01
         1.12476e+01        -7.73666e+00        -7.75981e+01
         1.12506e+01        -1.42348e+01        -1.67776e+02
         1.12537e+01        -1.85466e+01         2.41157e+01
         1.12567e+01         1.70215e+01         1.65015e+01
         1.12598e+01        -1.73680e+01        -3.61896e+01
         1.12628e+01        -7.72880e+00        -4.82400e+01
         1.12658e+01        -3.41470e+00        -1.21716e+02
         1.12689e+01        -2.41307e+01        -1.40867e+02
         1.12719e+01         1.40067e+01         6.27231e+01
         1.12749e+01         8.03767e+00        -3.44483e+01
         1.12780e+01        -1.20981e+01        -1.63724e+01
         1.12810e+01        -1.64579e+00        -6.12668e+01
         1.12841e+01         6.54357e+00        -1.50109e+02
         1.12871e+01        -1.85134e+01        -2.09540e+01
         1.12901e+01         3.40960e+01         3.74055e+01
         1.12932e+01        -4.39440e+00        -2.14577e+01
         1.12962e+01        -5.22329e+00        -2.29007e+01
         1.12992e+01        -2.48638e+00        -9.43097e+01
         1.13023e+01         1.07455e+00        -1.24057e+02
         1.13053e+01        -7.43856e+00         6.14716e+01
         1.13083e+01        -1.42433e+01         1.89652e+01
         1.13114e+01        -9.12725e+00         2.21779e+01
         1.13144e+01         1.93649e+01        -6.06764e+00
         1.13174e+01         1.28023e+01        -4.55865e+01
         1.13205e+01         7.68159e+00        -1.14722e+02
         1.13235e+01        -1.83544e+01         4.82656e+01
         1.13266e+01         7.65239e+00         3.96228e+01
         1.13296e+01         1.13524e+00        -3.33100e-01
         1.13326e+01         2.80557e+00         1.10045e+01
         1.13357e+01         2.70954e+01        -4.68144e+01
         1.13387e+01        -2.82093e+01        -1.24843e+02
         1.13418e+01         6.48525e+00         1.01689e+02
         1.13448e+01         8.51951e+00         4.67980e+01
         1.13478e+01         3.93288e+00         8.32015e+01
         1.13509e+01         4.03462e+01         1.80649e+01
         1.13539e+01         5.61020e+00        -7.68919e+01
         1.13569e+01        -1.87835e+01        -8.12196e+01
         1.13600e+01         1.90746e+01         1.07675e+02
         1.13630e+01         3.85978e-01         1.10272e+02
         1.13661e+01        -1.76715e+00         3.92262e+01
         1.13691e+01         5.30840e+00         1.59828e+01
         1.13721e+01        -2.29691e+00        -1.14776e+02
         1.13752e+01        -6.47301e+01        -2.43438e+01
         1.13782e+01         2.33355e+01         1.99927e+02
         1.13812e+01        -6.77217e+00         5.10234e+01
         1.13843e+01         1.53847e+01         8.44976e+01
         1.13873e+01         5.57761e+00         4.40070e+00
         1.13903e+01        -2.42109e+00        -6.49102e+01
         1.13934e+01        -2.15657e+01         7.46071e+01
         1.13964e+01        -5.93143e+00         1.12155e+02
         1.13994e+01        -7.09075e+00         7.86466e+01
         1.14025e+01        -2.35809e+01         5.35704e+01
         1.14055e+01        -4.18869e+01         4.24357e+01
         1.14086e+01        -1.24258e+01        -1.19587e+02
         1.14116e+01        -4.69173e+01         1.03594e+02
         1.14146e+01        -1.51669e+01         1.25313e+02
         1.14177e+01        -3.87070e+01         8.10041e+01
         1.14207e+01         1.76532e+01         1.33254e+02
         1.14238e+01        -2.51088e+01        -3.91321e+01
         1.14268e+01        -6.86164e+01        -8.88118e+01
         1.14298e+01        -5.18800e+01         1.41443e+02
         1.14329e+01        -3.56390e+00         2.04736e+02
         1.14359e+01         2.01166e+01         1.06948e+02
         1.14389e+01        -3.74897e+01        -5.81016e+00
         1.14420e+01        -4.27456e+01        -4.09939e+01
         1.14450e+01        -4.38126e+01        -3.63383e+00
         1.14481e+01        -6.12571e+00         1.83965e+02
         1.14511e+01         1.65886e+00         8.26120e+01
         1.14541e+01         2.04612e+01         1.25628e+02
         1.14572e+01         2.12533e-01         3.69224e+01
         1.14602e+01         1.98405e+01         1.18727e+01
         1.14632e+01         3.18571e+01         1.67509e+02
         1.14663e+01        -4.95880e+00         7.02270e+01
         1.14693e+01        -1.13636e+01         9.22975e+01
         1.14723e+01        -1.10812e+01         8.58421e+01
         1.14754e+01        -1.74819e+01         7.80343e+01
         1.14784e+01        -7.77381e+01        -9.85554e+01
         1.14814e+01        -4.20870e+01         6.33082e+01
         1.14845e+01        -1.00577e+01         7.52419e+01
         1.14875e+01        -2.48476e+01         9.11451e+01
         1.14906e+01        -3.05415e+01         1.42585e+01
         1.14936e+01        -7.36332e+01        -1.38795e+02
         1.14966e+01        -5.45285e+01        -2.60650e+01
         1.14997e+01        -1.46274e-01         1.82351e+01
         1.15027e+01        -1.96516e+01        -1.64466e+01
         1.15057e+01        -1.89161e+01        -1.36861e+02
         1.15088e+01        -6.65855e+01        -1.42710e+02
         1.15118e+01        -8.33344e+01        -1.15103e+02
         1.15149e+01        -3.45509e+01         4.56086e+01
         1.15179e+01         6.26712e+00        -8.64598e+00
         1.15209e+01        -3.10756e+00        -2.03234e+02
         1.15240e+01        -1.60279e+01        -1.82376e+02
         1.15270e+01        -1.07950e+01        -1.08417e+02
         1.15301e+01        -2.52922e+01         1.39791e+01
         1.15331e+01        -1.89584e+01        -1.45133e+02
         1.15361e+01        -3.26653e+01        -1.88058e+02
         1.15392e+01        -5.60341e+01        -1.18976e+02
         1.15422e+01        -3.87616e+01        -5.02952e+01
         1.15452e+01        -3.05601e+01        -1.37367e+02
         1.15483e+01        -4.25690e+01        -1.46191e+02
         1.15513e+01        -5.59589e+01        -1.79178e+02
         1.15543e+01        -2.53765e+01        -6.07434e+01
         1.15574e+01        -3.01355e+01        -3.45656e+01
         1.15604e+01        -5.96577e+01        -2.04256e+02
         1.15635e+01        -2.47731e+01        -6.90441e+01
         1.15665e+01        -1.91717e+01        -1.39667e+02
         1.15695e+01        -4.20135e+01        -3.81236e+01
         1.15726e+01        -4.50173e+01        -6.39069e+01
         1.15756e+01        -8.16425e+01        -1.37556e+02
         1.15786e+01        -1.10259e+02        -8.80429e+01
         1.15817e+01        -2.91572e+01         1.47193e+01
         1.15847e+01        -1.60723e+01        -3.83750e+01
         1.15877e+01        -6.85734e+01        -1.52984e+02
         1.15908e+01        -3.87703e+01        -1.30568e+02
         1.15938e+01        -4.64805e+01        -1.46038e+02
         1.15969e+01        -6.45154e+00        -8.78591e+00
         1.15999e+01         4.31323e+00        -1.58091e+02
         1.16029e+01        -3.23709e+01        -1.86389e+02
         1.16060e+01        -5.28637e+01        -1.64117e+02
         1.16090e+01        -1.87940e+01        -5.59294e+01
         1.16121e+01        -7.59846e+00        -7.84691e+01
         1.16151e+01        -6.04699e+01        -1.51226e+02
         1.16181e+01        -4.82418e+01        -3.37477e+01
         1.16212e+01        -1.94904e+01         3.84608e+01
         1.16242e+01        -1.93438e+01         9.47765e+01
         1.16273e+01        -2.44427e+01         5.35060e+01
         1.16303e+01        -5.24722e+01         5.20988e+01
         1.16333e+01        -4.92069e+00         1.13194e+02
         1.16364e+01         1.99224e+00        -6.62853e+01
         1.16394e+01        -1.47409e+01        -1.57485e+02
         1.16424e+01        -5.37890e+01        -6.45255e+01
         1.16455e+01        -1.92064e+01        -3.74707e+01
         1.16485e+01        -1.66182e+01         3.39685e+00
         1.16515e+01         1.14311e+01        -1.48626e+01
         1.16546e+01        -5.73789e+01        -1.89953e+02
         1.16576e+01        -6.55888e+01        -1.52001e+01
         1.16606e+01         2.28987e+01        -3.32912e+01
         1.16637e+01         9.27049e+00         4.82912e+01
         1.16667e+01         1.56189e+01        -1.22783e+02
         1.16697e+01        -1.91429e+01        -2.18232e+02
         1.16728e+01        -7.42345e+01        -2.21746e+02
         1.16758e+01        -2.71263e+01        -8.79420e+00
         1.16789e+01         6.04530e+01        -1.45361e+02
         1.16819e+01         2.88380e+00        -3.23731e+02
         1.16849e+01        -5.37642e+00        -2.25056e+02
         1.16880e+01         1.75259e+01        -5.12281e+01
         1.16910e+01         5.80147e+01        -1.99714e+01
         1.16941e+01         4.92167e+01        -2.90119e+02
         1.16971e+01         2.53006e+01        -2.41791e+02
         1.17001e+01         5.70769e+01        -1.66961e+02
         1.17032e+01         4.94050e+01        -7.14093e+01
         1.17062e+01         5.20015e+01        -1.74791e+02
         1.17093e+01         2.00529e+01        -1.39436e+02
         1.17123e+01         7.67222e+01        -2.79601e+02
         1.17153e+01         3.60091e+01        -2.52347e+02
         1.17184e+01         3.78787e+01         2.72469e+01
         1.17214e+01         4.44928e+01        -3.24930e+02
         1.17244e+01         1.07365e+02        -3.86750e+02
         1.17275e+01         4.39167e+01        -1.33377e+02
         1.17305e+01         8.07378e+01        -2.05193e+02
         1.17335e+01         5.82921e+01        -3.25471e+02
         1.17366e+01         5.83117e+01        -2.66184e+02
         1.17396e+01         2.27672e+01        -1.80785e+02
         1.17426e+01         1.14942e+01        -5.84342e+01
         1.17457e+01         1.74903e+01        -1.83864e+02
         1.17487e+01        -1.23846e+00        -6.25331e+01
         1.17518e+01         1.10046e+01        -8.97729e+00
         1.17548e+01         3.81758e+01         2.60200e+01
         1.17578e+01         5.38178e+01        -7.37779e+01
         1.17609e+01         3.46447e+01        -1.42416e+02
         1.17639e+01         3.90714e+01        -1.05721e+02
         1.17669e+01         4.92877e+01        -7.99314e+01
         1.17700e+01         4.75006e+01         6.99919e+01
         1.17730e+01         2.51320e+01        -6.40674e+01
         1.17761e+01         2.57241e+01        -3.28781e+01
         1.17791e+01         4.13663e+01         1.07982e+02
         1.17821e+01         7.65349e+01         2.54322e+02
         1.17852e+01         8.93339e+01         1.01012e+02
         1.17882e+01         8.84582e+01         1.09257e+02
         1.17912e+01         1.04611e+02         2.08054e+02
         1.17943e+01         1.05174e+02         3.20455e+02
         1.17973e+01         1.17631e+02         1.96211e+02
         1.18004e+01         7.29041e+01         9.17742e+01
         1.18034e+01         2.18110e+01        -6.28129e+01
         1.18064e+01         3.91371e+01        -1.14302e+02
         1.18095e+01         8.04992e+01        -3.21437e+01
         1.18125e+01         2.46103e+01        -2.72481e+02
         1.18155e+01         5.29375e+01        -1.67554e+02
         1.18186e+01         2.36406e+01        -1.18849e+02
         1.18216e+01         2.56007e+01        -4.94415e+01
         1.18246e+01         4.82771e+01        -1.17814e+02
         1.18277e+01         3.12602e+01        -1.51481e+02
         1.18307e+01         5.24951e+01        -1.47007e+02
         1.18338e+01         2.94930e+01        -1.66602e+02
         1.18368e+01         1.00472e+01        -2.69647e+02
         1.18398e+01         3.07724e+01        -2.71415e+02
         1.18429e+01         2.82713e+00        -3.27733e+02
         1.18459e+01         1.00482e+01        -2.67612e+02
         1.18489e+01         5.87505e+01        -2.50765e+02
         1.18520e+01         2.98204e+00        -3.15915e+02
         1.18550e+01        -5.70730e+01        -3.22177e+02
         1.18581e+01         2.43871e+01        -1.44712e+02
         1.18611e+01         2.73155e+01        -1.41452e+02
         1.18641e+01        -1.20290e+01        -3.20750e+02
         1.18672e+01        -5.28537e+01        -3.01498e+02
         1.18702e+01         3.23964e+01        -1.21414e+02
         1.18732e+01         5.80003e+01        -1.05344e+02
         1.18763e+01         1.01628e+01        -3.23596e+02
         1.18793e+01        -4.58075e+01        -2.24998e+02
         1.18824e+01        -3.77849e+01        -7.44124e+01
         1.18854e+01         6.62527e+00         7.15983e+00
         1.18884e+01         7.24282e+01        -1.32627e+02
         1.18915e+01        -1.09607e+01        -3.11618e+02
         1.18945e+01        -6.80238e+01        -2.16955e+02
         1.18975e+01         3.98882e+01         1.97232e+01
         1.19006e+01         7.62028e+01        -1.72992e+02
         1.19036e+01         1.43155e+01        -3.91510e+02
         1.19066e+01        -3.88001e+01        -3.35830e+02
         1.19097e+01         2.82324e+01        -1.62848e+02
         1.19127e+01         1.23626e+02        -1.60663e+02
         1.19157e+01         8.59415e-01        -3.52016e+02
         1.19188e+01        -2.90007e+01        -2.49086e+02
         1.19218e+01         7.92502e+00        -2.31763e+02
         1.19249e+01        -1.02788e+01         3.45194e+01
         1.19279e+01         2.88457e+01        -2.25613e+02
         1.19309e+01        -3.38301e+01        -3.51297e+02
         1.19340e+01        -2.23129e+01        -3.39763e+02
         1.19370e+01        -3.21337e+01        -1.45280e+02
         1.19401e+01        -4.50275e+00        -2.49415e+02
         1.19431e+01        -7.12293e+01        -3.06612e+02
         1.19461e+01        -1.44109e+01        -1.41158e+02
         1.19492e+01        -1.00726e+01        -1.83437e+02
         1.19522e+01        -3.44457e+00        -2.70977e+02
         1.19553e+01        -1.54601e+01        -3.20613e+02
         1.19583e+01        -6.24419e+01        -2.89539e+02
         1.19613e+01        -5.83171e+00        -3.01808e+02
         1.19644e+01         8.19244e+00        -2.45208e+02
         1.19674e+01        -9.43152e+01        -3.90046e+02
         1.19704e+01        -1.14613e+02        -3.00859e+02
         1.19735e+01        -1.22036e+01        -2.02433e+02
         1.19765e+01         3.66497e+00        -2.86812e+02
         1.19796e+01        -4.93593e+01        -4.69941e+02
         1.19826e+01        -6.80604e+01        -4.16690e+02
         1.19856e+01        -6.67999e+01        -2.78201e+02
         1.19887e+01        -2.24663e+01        -2.61845e+02
         1.19917e+01         1.86250e+01        -4.22735e+02
         1.19947e+01        -2.08575e+01        -5.32901e+02
         1.19978e+01        -7.28796e+01        -2.88322e+02
