         1.06695e+01        -8.32600e-02
         1.06725e+01        -8.69610e-02
         1.06755e+01        -8.34010e-02
         1.06785e+01        -7.92660e-02
         1.06816e+01        -1.07750e-01
         1.06846e+01        -9.97100e-02
         1.06876e+01        -9.39300e-02
         1.06907e+01        -1.34108e-01
         1.06937e+01        -1.34955e-01
         1.06967e+01        -1.59562e-01
         1.06998e+01        -1.73113e-01
         1.07028e+01        -1.58497e-01
         1.07058e+01        -1.84708e-01
         1.07089e+01        -1.85495e-01
         1.07119e+01        -1.87679e-01
         1.07149e+01        -1.99697e-01
         1.07179e+01        -2.21681e-01
         1.07210e+01        -2.17693e-01
         1.07240e+01        -2.20351e-01
         1.07270e+01        -2.19907e-01
         1.07301e+01        -2.21866e-01
         1.07331e+01        -2.18443e-01
         1.07361e+01        -2.20784e-01
         1.07392e+01        -2.27316e-01
         1.07422e+01        -2.31523e-01
         1.07452e+01        -2.32338e-01
         1.07483e+01        -2.38520e-01
         1.07513e+01        -2.42960e-01
         1.07543e+01        -2.45506e-01
         1.07574e+01        -2.53223e-01
         1.07604e+01        -2.53801e-01
         1.07634e+01        -2.52091e-01
         1.07665e+01        -2.57321e-01
         1.07695e+01        -2.55752e-01
         1.07725e+01        -2.58537e-01
         1.07756e+01        -2.63708e-01
         1.07786e+01        -2.62204e-01
         1.07816e+01        -2.67855e-01
         1.07847e+01        -2.73681e-01
         1.07877e+01        -2.68809e-01
         1.07907e+01        -2.66254e-01
         1.07938e+01        -2.74041e-01
         1.07968e+01        -2.76831e-01
         1.07998e+01        -2.79915e-01
         1.08029e+01        -2.80318e-01
         1.08059e+01        -2.84450e-01
         1.08089e+01        -2.87251e-01
         1.08120e+01        -2.91447e-01
         1.08150e+01        -2.93549e-01
         1.08180e+01        -2.96537e-01
         1.08211e+01        -3.00624e-01
         1.08241e+01        -3.02989e-01
         1.08271e+01        -3.04917e-01
         1.08302e+01        -3.07425e-01
         1.08332e+01        -3.10346e-01
         1.08362e+01        -3.13311e-01
         1.08393e+01        -3.18696e-01
         1.08423e+01        -3.21169e-01
         1.08453e+01        -3.24548e-01
         1.08484e+01        -3.26194e-01
         1.08514e+01        -3.27542e-01
         1.08544e+01        -3.30336e-01
         1.08575e+01        -3.36461e-01
         1.08605e+01        -3.39502e-01
         1.08635e+01        -3.42783e-01
         1.08666e+01        -3.45717e-01
         1.08696e+01        -3.45409e-01
         1.08726e+01        -3.48821e-01
         1.08757e+01        -3.50728e-01
         1.08787e+01        -3.57889e-01
         1.08817e+01        -3.60834e-01
         1.08848e+01        -3.60167e-01
         1.08878e+01        -3.57420e-01
         1.08908e+01        -3.58641e-01
         1.08939e+01        -3.63382e-01
         1.08969e+01        -3.72963e-01
         1.09000e+01        -3.74975e-01
         1.09030e+01        -3.77017e-01
         1.09060e+01        -3.69344e-01
         1.09091e+01        -3.76232e-01
         1.09121e+01        -3.81791e-01
         1.09151e+01        -3.87953e-01
         1.09182e+01        -3.90685e-01
         1.09212e+01        -3.92636e-01
         1.09242e+01        -3.95938e-01
         1.09273e+01        -4.03655e-01
         1.09303e+01        -3.97802e-01
         1.09333e+01        -4.00658e-01
         1.09364e+01        -4.00943e-01
         1.09394e+01        -4.06380e-01
         1.09424e+01        -4.07993e-01
         1.09455e+01        -4.09334e-01
         1.09485e+01        -4.11612e-01
         1.09516e+01        -4.13399e-01
         1.09546e+01        -4.19316e-01
         1.09576e+01        -4.17759e-01
         1.09607e+01        -4.17148e-01
         1.09637e+01        -4.26489e-01
         1.09667e+01        -4.31307e-01
         1.09698e+01        -4.36266e-01
         1.09728e+01        -4.45236e-01
         1.09758e+01        -4.42042e-01
         1.09789e+01        -4.40165e-01
         1.09819e+01        -4.43219e-01
         1.09849e+01        -4.41465e-01
         1.09880e+01        -4.49955e-01
         1.09910e+01        -4.55623e-01
         1.09941e+01        -4.54903e-01
         1.09971e+01        -4.48593e-01
         1.10001e+01        -4.67034e-01
         1.10032e+01        -4.66013e-01
         1.10062e+01        -4.64702e-01
         1.10092e+01        -4.68233e-01
         1.10123e+01        -4.63503e-01
         1.10153e+01        -4.70958e-01
         1.10183e+01        -4.72092e-01
         1.10214e+01        -4.80048e-01
         1.10244e+01        -4.74631e-01
         1.10275e+01        -4.75145e-01
         1.10305e+01        -4.86947e-01
         1.10335e+01        -4.87089e-01
         1.10366e+01        -4.93149e-01
         1.10396e+01        -4.92190e-01
         1.10426e+01        -4.97912e-01
         1.10457e+01        -4.93977e-01
         1.10487e+01        -5.03013e-01
         1.10517e+01        -5.05858e-01
         1.10548e+01        -4.99480e-01
         1.10578e+01        -5.08463e-01
         1.10609e+01        -5.04495e-01
         1.10639e+01        -5.08648e-01
         1.10669e+01        -5.09640e-01
         1.10700e+01        -5.27395e-01
         1.10730e+01        -5.22228e-01
         1.10760e+01        -5.24158e-01
         1.10791e+01        -5.27460e-01
         1.10821e+01        -5.23961e-01
         1.10851e+01        -5.34545e-01
         1.10882e+01        -5.30963e-01
         1.10912e+01        -5.32125e-01
         1.10943e+01        -5.32986e-01
         1.10973e+01        -5.46130e-01
         1.11003e+01        -5.51133e-01
         1.11034e+01        -5.47755e-01
         1.11064e+01        -5.50534e-01
         1.11094e+01        -5.46294e-01
         1.11125e+01        -5.56114e-01
         1.11155e+01        -5.52953e-01
         1.11185e+01        -5.54509e-01
         1.11216e+01        -5.55101e-01
         1.11246e+01        -5.60103e-01
         1.11277e+01        -5.81128e-01
         1.11307e+01        -5.69390e-01
         1.11337e+01        -5.73041e-01
         1.11368e+01        -5.70937e-01
         1.11398e+01        -5.71035e-01
         1.11428e+01        -5.80714e-01
         1.11459e+01        -5.78392e-01
         1.11489e+01        -5.79580e-01
         1.11519e+01        -5.85531e-01
         1.11550e+01        -5.92660e-01
         1.11580e+01        -6.02402e-01
         1.11611e+01        -5.97412e-01
         1.11641e+01        -6.00333e-01
         1.11671e+01        -6.00474e-01
         1.11702e+01        -5.98218e-01
         1.11732e+01        -6.05815e-01
         1.11762e+01        -5.99973e-01
         1.11793e+01        -6.01902e-01
         1.11823e+01        -6.11243e-01
         1.11854e+01        -6.12049e-01
         1.11884e+01        -6.24006e-01
         1.11914e+01        -6.08671e-01
         1.11945e+01        -6.22802e-01
         1.11975e+01        -6.36606e-01
         1.12005e+01        -6.61663e-01
         1.12036e+01        -6.62677e-01
         1.12066e+01        -6.18251e-01
         1.12096e+01        -6.12442e-01
         1.12127e+01        -5.98785e-01
         1.12157e+01        -5.64605e-01
         1.12188e+01        -5.56670e-01
         1.12218e+01        -5.37291e-01
         1.12248e+01        -5.54850e-01
         1.12279e+01        -5.79602e-01
         1.12309e+01        -5.65978e-01
         1.12339e+01        -5.58565e-01
         1.12370e+01        -5.49498e-01
         1.12400e+01        -5.40081e-01
         1.12431e+01        -5.57237e-01
         1.12461e+01        -5.75297e-01
         1.12491e+01        -6.10425e-01
         1.12522e+01        -6.32213e-01
         1.12552e+01        -6.17379e-01
         1.12582e+01        -6.17009e-01
         1.12613e+01        -6.27069e-01
         1.12643e+01        -6.29826e-01
         1.12673e+01        -6.45783e-01
         1.12704e+01        -6.54829e-01
         1.12734e+01        -6.54502e-01
         1.12765e+01        -6.61311e-01
         1.12795e+01        -6.74426e-01
         1.12825e+01        -6.69772e-01
         1.12856e+01        -6.53990e-01
         1.12886e+01        -6.33728e-01
         1.12916e+01        -6.13881e-01
         1.12947e+01        -6.17663e-01
         1.12977e+01        -6.19635e-01
         1.13008e+01        -6.57281e-01
         1.13038e+01        -6.85227e-01
         1.13068e+01        -7.15200e-01
         1.13099e+01        -7.23604e-01
         1.13129e+01        -7.30601e-01
         1.13159e+01        -7.30655e-01
         1.13190e+01        -7.35135e-01
         1.13220e+01        -7.55627e-01
         1.13251e+01        -7.27931e-01
         1.13281e+01        -6.89990e-01
         1.13311e+01        -6.93369e-01
         1.13342e+01        -7.43538e-01
         1.13372e+01        -7.69533e-01
         1.13402e+01        -7.68203e-01
         1.13433e+01        -7.61141e-01
         1.13463e+01        -7.64345e-01
         1.13493e+01        -7.82732e-01
         1.13524e+01        -7.73043e-01
         1.13554e+01        -7.48192e-01
         1.13585e+01        -7.48716e-01
         1.13615e+01        -7.46481e-01
         1.13645e+01        -8.14427e-01
         1.13676e+01        -8.36483e-01
         1.13706e+01        -8.20149e-01
         1.13736e+01        -8.50885e-01
         1.13767e+01        -8.55855e-01
         1.13797e+01        -8.27659e-01
         1.13828e+01        -8.34580e-01
         1.13858e+01        -8.40477e-01
         1.13888e+01        -8.60520e-01
         1.13919e+01        -8.72597e-01
         1.13949e+01        -8.81534e-01
         1.13979e+01        -8.67812e-01
         1.14010e+01        -8.93567e-01
         1.14040e+01        -9.43159e-01
         1.14070e+01        -9.57317e-01
         1.14101e+01        -9.40576e-01
         1.14131e+01        -9.66472e-01
         1.14162e+01        -9.94850e-01
         1.14192e+01        -1.04225e+00
         1.14222e+01        -1.05466e+00
         1.14253e+01        -1.17653e+00
         1.14283e+01        -1.18100e+00
         1.14313e+01        -1.02585e+00
         1.14344e+01        -1.03069e+00
         1.14374e+01        -1.16688e+00
         1.14405e+01        -1.28919e+00
         1.14435e+01        -1.37293e+00
         1.14465e+01        -1.33409e+00
         1.14496e+01        -1.28534e+00
         1.14526e+01        -1.18820e+00
         1.14556e+01        -1.12886e+00
         1.14587e+01        -1.15705e+00
         1.14617e+01        -1.23102e+00
         1.14648e+01        -1.38862e+00
         1.14678e+01        -1.31809e+00
         1.14708e+01        -1.42711e+00
         1.14739e+01        -1.64844e+00
         1.14769e+01        -2.02302e+00
         1.14799e+01        -2.11001e+00
         1.14830e+01        -1.83195e+00
         1.14860e+01        -1.84819e+00
         1.14891e+01        -2.30740e+00
         1.14921e+01        -2.46479e+00
         1.14951e+01        -2.13562e+00
         1.14982e+01        -2.45136e+00
         1.15012e+01        -2.80703e+00
         1.15042e+01        -2.94938e+00
         1.15073e+01        -2.96769e+00
         1.15103e+01        -3.03764e+00
         1.15133e+01        -3.15388e+00
         1.15164e+01        -3.23789e+00
         1.15194e+01        -3.28914e+00
         1.15225e+01        -3.29288e+00
         1.15255e+01        -3.33894e+00
         1.15285e+01        -3.35157e+00
         1.15316e+01        -3.45794e+00
         1.15346e+01        -3.43366e+00
         1.15376e+01        -3.44052e+00
         1.15407e+01        -3.48982e+00
         1.15437e+01        -3.43225e+00
         1.15468e+01        -3.37273e+00
         1.15498e+01        -3.64609e+00
         1.15528e+01        -3.63674e+00
         1.15559e+01        -3.57667e+00
         1.15589e+01        -3.73149e+00
         1.15619e+01        -3.72685e+00
         1.15650e+01        -3.68270e+00
         1.15680e+01        -3.64569e+00
         1.15711e+01        -3.57180e+00
         1.15741e+01        -3.51370e+00
         1.15771e+01        -3.77565e+00
         1.15802e+01        -3.90629e+00
         1.15832e+01        -3.85696e+00
         1.15862e+01        -3.92609e+00
         1.15893e+01        -4.11545e+00
         1.15923e+01        -4.11180e+00
         1.15953e+01        -4.14874e+00
         1.15984e+01        -4.18133e+00
         1.16014e+01        -4.19411e+00
         1.16045e+01        -4.20510e+00
         1.16075e+01        -4.19512e+00
         1.16105e+01        -4.17568e+00
         1.16136e+01        -4.19354e+00
         1.16166e+01        -4.23416e+00
         1.16196e+01        -4.20340e+00
         1.16227e+01        -4.31696e+00
         1.16257e+01        -4.34077e+00
         1.16288e+01        -4.34435e+00
         1.16318e+01        -4.34787e+00
         1.16348e+01        -4.39348e+00
         1.16379e+01        -4.39647e+00
         1.16409e+01        -4.41392e+00
         1.16439e+01        -4.40275e+00
         1.16470e+01        -4.45434e+00
         1.16500e+01        -4.40332e+00
         1.16531e+01        -4.48772e+00
         1.16561e+01        -4.53448e+00
         1.16591e+01        -4.48332e+00
         1.16622e+01        -4.47592e+00
         1.16652e+01        -4.46265e+00
         1.16682e+01        -4.43965e+00
         1.16713e+01        -4.51815e+00
         1.16743e+01        -4.54291e+00
         1.16773e+01        -4.52045e+00
         1.16804e+01        -4.56656e+00
         1.16834e+01        -4.61392e+00
         1.16865e+01        -4.57865e+00
         1.16895e+01        -4.53814e+00
         1.16925e+01        -4.52484e+00
         1.16956e+01        -4.64761e+00
         1.16986e+01        -4.60453e+00
         1.17016e+01        -4.62991e+00
         1.17047e+01        -4.59495e+00
         1.17077e+01        -4.61801e+00
         1.17108e+01        -4.59945e+00
         1.17138e+01        -4.60578e+00
         1.17168e+01        -4.61469e+00
         1.17199e+01        -4.62681e+00
         1.17229e+01        -4.67760e+00
         1.17259e+01        -4.69328e+00
         1.17290e+01        -4.71129e+00
         1.17320e+01        -4.70278e+00
         1.17351e+01        -4.67295e+00
         1.17381e+01        -4.69655e+00
         1.17411e+01        -4.72268e+00
         1.17442e+01        -4.74859e+00
         1.17472e+01        -4.75269e+00
         1.17502e+01        -4.75379e+00
         1.17533e+01        -4.73927e+00
         1.17563e+01        -4.71635e+00
         1.17594e+01        -4.72831e+00
         1.17624e+01        -4.71840e+00
         1.17654e+01        -4.80875e+00
         1.17685e+01        -4.80586e+00
         1.17715e+01        -4.84530e+00
         1.17745e+01        -4.83896e+00
         1.17776e+01        -4.87843e+00
         1.17806e+01        -4.83663e+00
         1.17836e+01        -4.79467e+00
         1.17867e+01        -4.78910e+00
         1.17897e+01        -4.77007e+00
         1.17928e+01        -4.80554e+00
         1.17958e+01        -4.75906e+00
         1.17988e+01        -4.71163e+00
         1.18019e+01        -4.80865e+00
         1.18049e+01        -4.79260e+00
         1.18079e+01        -4.76864e+00
         1.18110e+01        -4.74253e+00
         1.18140e+01        -4.70513e+00
         1.18171e+01        -4.75148e+00
         1.18201e+01        -4.74120e+00
         1.18231e+01        -4.71338e+00
         1.18262e+01        -4.69276e+00
         1.18292e+01        -4.67510e+00
         1.18322e+01        -4.70713e+00
         1.18353e+01        -4.70585e+00
         1.18383e+01        -4.72081e+00
         1.18414e+01        -4.77750e+00
         1.18444e+01        -4.77984e+00
         1.18474e+01        -4.76957e+00
         1.18505e+01        -4.74667e+00
         1.18535e+01        -4.74990e+00
         1.18565e+01        -4.81692e+00
         1.18596e+01        -4.84836e+00
         1.18626e+01        -4.81175e+00
         1.18656e+01        -4.76925e+00
         1.18687e+01        -4.86437e+00
         1.18717e+01        -4.89865e+00
         1.18748e+01        -4.93099e+00
         1.18778e+01        -4.89101e+00
         1.18808e+01        -4.95437e+00
         1.18839e+01        -4.96730e+00
         1.18869e+01        -4.92513e+00
         1.18899e+01        -4.95098e+00
         1.18930e+01        -4.98869e+00
         1.18960e+01        -5.00134e+00
         1.18991e+01        -5.01632e+00
         1.19021e+01        -5.05337e+00
         1.19051e+01        -5.05829e+00
         1.19082e+01        -5.03692e+00
         1.19112e+01        -5.03478e+00
         1.19142e+01        -5.03374e+00
         1.19173e+01        -5.02331e+00
         1.19203e+01        -5.03934e+00
         1.19234e+01        -4.97626e+00
         1.19264e+01        -4.94594e+00
         1.19294e+01        -4.81346e+00
         1.19325e+01        -4.83864e+00
         1.19355e+01        -4.80085e+00
         1.19385e+01        -4.76709e+00
         1.19416e+01        -4.81872e+00
         1.19446e+01        -4.91915e+00
         1.19477e+01        -4.88483e+00
         1.19507e+01        -4.90229e+00
         1.19537e+01        -4.91557e+00
         1.19568e+01        -4.90047e+00
         1.19598e+01        -4.89738e+00
         1.19628e+01        -4.88748e+00
         1.19659e+01        -4.96155e+00
         1.19689e+01        -4.94714e+00
         1.19719e+01        -4.90574e+00
         1.19750e+01        -4.91360e+00
         1.19780e+01        -4.95157e+00
         1.19811e+01        -4.94223e+00
         1.19841e+01        -4.88319e+00
         1.19871e+01        -4.79512e+00
         1.19902e+01        -4.69566e+00
         1.19932e+01        -4.65887e+00
         1.19962e+01        -4.68398e+00
         1.19993e+01        -4.63815e+00
