-90.0 280.88 0800 -11.9 -57.92 57.92 22.83
-90.0 283.36 0802 -11.9 -58.43 58.09 22.87
-90.0 316.61 0804 -11.9 -65.29 58.26 22.9
-90.0 279.52 0806 -11.9 -57.64 58.39 22.92
-90.0 231.79 0808 -15.14 -60.54 58.53 22.97
-90.0 267.72 0810 -11.9 -55.2 58.68 23.0
-90.0 308.59 0812 -11.9 -63.63 58.81 23.03
-90.0 484.96 0814 -8.66 -73.02 58.93 23.06
-90.0 484.96 0816 -8.66 -73.02 59.03 23.09
-90.0 611.38 0818 -8.66 -92.06 59.16 23.12
-90.0 563.43 0820 -8.66 -84.84 59.29 23.15
-90.0 458.72 0822 -8.66 -69.07 59.4 23.18
-90.0 427.47 0824 -8.66 -64.36 59.49 23.21
-90.0 458.72 0826 -8.66 -69.07 59.59 23.24
-90.0 353.93 0828 -8.66 -53.29 59.7 23.27
-90.0 461.55 0830 -8.66 -69.5 59.79 23.29
-90.0 541.66 0832 -8.66 -81.56 59.8 23.33
-90.0 537.25 0834 -8.66 -80.89 59.92 23.35
-90.0 678.06 0836 -8.66 -102.1 60.0 23.38
-90.0 702.92 0838 -8.66 -105.84 60.08 23.41
-90.0 679.82 0840 -8.66 -102.36 60.15 23.43
-90.0 638.86 0842 -8.66 -96.19 60.22 23.46
-90.0 694.9 0844 -8.66 -104.63 60.3 23.49
-90.0 659.92 0846 -8.66 -99.36 60.39 23.51
-90.0 581.54 0848 -8.66 -87.56 60.46 23.54
-90.0 767.36 0850 -8.66 -115.54 60.56 23.57
-90.0 792.29 0852 -8.66 -119.3 60.61 23.59
-90.0 796.64 0854 -8.66 -119.95 60.68 23.62
-90.0 1019.36 0856 -8.66 -153.49 60.73 23.65
-90.0 1052.61 0858 -8.66 -158.49 60.78 23.67
-90.0 1563.29 0900 -8.66 -235.39 60.84 23.69
-90.0 1207.31 0902 -8.66 -181.78 60.89 23.71
-90.0 1169.31 0904 -8.66 -176.06 60.92 23.74
-90.0 1207.31 0906 -8.66 -181.78 61.01 23.77
-90.0 1280.55 0908 -8.66 -192.81 61.05 23.79
-90.0 659.74 0910 -8.66 -99.34 61.11 23.82
-90.0 1938.62 0912 -8.66 -291.9 61.13 23.84
-90.0 1397.48 0914 -11.9 -288.17 61.19 23.86
-90.0 1059.64 0916 -11.9 -218.5 61.26 23.89
-90.0 973.13 0918 -11.9 -200.66 61.32 23.92
-90.0 739.9 0920 -11.9 -152.57 61.34 23.94
-90.0 594.72 0922 -11.9 -122.63 61.35 23.96
-90.0 469.68 0924 -15.14 -122.67 61.39 23.98
-90.0 470.51 0926 -8.66 -70.85 61.43 0.01
-90.0 470.51 0928 -8.66 -70.85 61.47 0.03
-90.0 484.86 0930 -36.34 -287.32 61.46 0.06
-90.0 266.69 0934 -11.9 -54.99 61.6 0.1
-90.0 290.85 0936 -15.14 -75.96 61.68 0.13
-90.0 258.09 0938 -11.9 -53.22 61.68 0.14
-90.0 270.4 0940 -11.9 -55.76 61.72 0.17
-90.0 309.57 0942 -11.9 -63.84 61.74 0.19
-90.0 337.02 0944 -11.9 -69.5 61.78 0.22
-90.0 258.09 0946 -11.9 -53.22 61.81 0.24
-90.0 258.09 0948 -11.9 -53.22 61.81 0.27
-90.0 340.42 0950 -15.14 -88.91 61.84 0.29
-90.0 348.68 0952 -15.14 -91.07 61.84 0.31
-90.0 348.68 0954 -15.14 -91.07 61.89 0.33
-90.0 284.79 0956 -15.14 -74.38 61.9 0.36
-90.0 249.53 0958 -11.9 -51.45 61.91 0.38
