-90.0 264.35 0916 -41.06 -173.64 57.26 22.76
-90.0 186.01 0918 -37.82 -114.06 57.45 22.8
-90.0 172.14 0922 -37.82 -105.55 57.77 22.87
-90.0 211.7 0924 -37.82 -129.81 57.94 22.9
-90.0 211.7 0926 -37.82 -129.81 58.07 22.94
-90.0 220.23 0928 -37.82 -135.04 58.24 22.97
-90.0 198.97 0930 -37.82 -122.0 58.35 23.0
-90.0 221.63 0932 -37.82 -135.9 58.53 23.03
-90.0 240.12 0934 -37.82 -147.24 58.64 23.07
-90.0 248.91 0936 -37.82 -152.63 58.8 23.1
-90.0 246.63 0938 -37.82 -151.23 58.92 23.13
-90.0 226.35 0940 -37.82 -138.79 59.04 23.16
-90.0 233.99 0942 -34.58 -132.8 59.15 23.19
-90.0 243.17 0944 -34.58 -138.01 59.27 23.22
-90.0 243.17 0946 -34.58 -138.01 59.39 23.26
-90.0 238.68 0948 -34.58 -135.47 59.46 23.29
