         7.50064e+00        -2.06661e-01
         7.50367e+00        -2.06803e-01
         7.50671e+00        -2.08809e-01
         7.50975e+00        -2.10422e-01
         7.51279e+00        -2.09593e-01
         7.51582e+00        -2.10672e-01
         7.51886e+00        -2.12078e-01
         7.52190e+00        -2.12057e-01
         7.52494e+00        -2.11730e-01
         7.52798e+00        -2.14345e-01
         7.53101e+00        -2.16765e-01
         7.53405e+00        -2.15490e-01
         7.53709e+00        -2.15653e-01
         7.54013e+00        -2.19392e-01
         7.54316e+00        -2.22825e-01
         7.54620e+00        -2.21800e-01
         7.54924e+00        -2.23108e-01
         7.55228e+00        -2.25114e-01
         7.55532e+00        -2.26672e-01
         7.55835e+00        -2.26226e-01
         7.56139e+00        -2.25354e-01
         7.56443e+00        -2.25877e-01
         7.56747e+00        -2.26934e-01
         7.57051e+00        -2.30836e-01
         7.57354e+00        -2.37790e-01
         7.57658e+00        -2.42978e-01
         7.57962e+00        -2.43948e-01
         7.58266e+00        -2.42836e-01
         7.58569e+00        -2.42466e-01
         7.58873e+00        -2.42062e-01
         7.59177e+00        -2.41354e-01
         7.59481e+00        -2.42346e-01
         7.59785e+00        -2.42084e-01
         7.60088e+00        -2.40318e-01
         7.60392e+00        -2.38945e-01
         7.60696e+00        -2.37168e-01
         7.61000e+00        -2.37975e-01
         7.61303e+00        -2.41463e-01
         7.61607e+00        -2.46051e-01
         7.61911e+00        -2.49779e-01
         7.62215e+00        -2.52090e-01
         7.62519e+00        -2.55795e-01
         7.62822e+00        -2.58280e-01
         7.63126e+00        -2.58204e-01
         7.63430e+00        -2.55970e-01
         7.63734e+00        -2.56395e-01
         7.64037e+00        -2.58051e-01
         7.64341e+00        -2.56275e-01
         7.64645e+00        -2.54705e-01
         7.64949e+00        -2.56438e-01
         7.65253e+00        -2.57637e-01
         7.65556e+00        -2.56122e-01
         7.65860e+00        -2.57507e-01
         7.66164e+00        -2.61637e-01
         7.66468e+00        -2.64264e-01
         7.66771e+00        -2.62978e-01
         7.67075e+00        -2.64220e-01
         7.67379e+00        -2.67643e-01
         7.67683e+00        -2.70019e-01
         7.67987e+00        -2.68809e-01
         7.68290e+00        -2.69430e-01
         7.68594e+00        -2.72809e-01
         7.68898e+00        -2.75033e-01
         7.69202e+00        -2.78073e-01
         7.69505e+00        -2.84188e-01
         7.69809e+00        -2.90502e-01
         7.70113e+00        -2.95512e-01
         7.70417e+00        -2.95970e-01
         7.70721e+00        -2.96657e-01
         7.71024e+00        -2.98117e-01
         7.71328e+00        -2.98324e-01
         7.71632e+00        -2.96548e-01
         7.71936e+00        -2.95425e-01
         7.72240e+00        -2.94640e-01
         7.72543e+00        -2.95240e-01
         7.72847e+00        -2.95948e-01
         7.73151e+00        -2.94902e-01
         7.73455e+00        -2.94902e-01
         7.73758e+00        -2.96112e-01
         7.74062e+00        -2.97409e-01
         7.74366e+00        -2.98553e-01
         7.74670e+00        -2.98804e-01
         7.74974e+00        -2.97856e-01
         7.75277e+00        -2.93529e-01
         7.75581e+00        -2.88297e-01
         7.75885e+00        -2.86924e-01
         7.76189e+00        -2.87371e-01
         7.76492e+00        -2.84907e-01
         7.76796e+00        -2.83360e-01
         7.77100e+00        -2.86172e-01
         7.77404e+00        -2.88798e-01
         7.77708e+00        -2.87589e-01
         7.78011e+00        -2.88798e-01
         7.78315e+00        -2.92046e-01
         7.78619e+00        -2.93311e-01
         7.78923e+00        -2.91327e-01
         7.79226e+00        -2.94237e-01
         7.79530e+00        -2.98967e-01
         7.79834e+00        -3.00123e-01
         7.80138e+00        -2.98957e-01
         7.80442e+00        -3.00591e-01
         7.80745e+00        -3.02848e-01
         7.81049e+00        -3.02041e-01
         7.81353e+00        -3.01442e-01
         7.81657e+00        -3.02978e-01
         7.81960e+00        -3.04591e-01
         7.82264e+00        -3.04450e-01
         7.82568e+00        -3.04161e-01
         7.82872e+00        -3.04918e-01
         7.83176e+00        -3.05017e-01
         7.83479e+00        -3.05234e-01
         7.83783e+00        -3.05747e-01
         7.84087e+00        -3.06041e-01
         7.84391e+00        -3.07185e-01
         7.84694e+00        -3.08341e-01
         7.84998e+00        -3.08853e-01
         7.85302e+00        -3.09638e-01
         7.85606e+00        -3.12145e-01
         7.85910e+00        -3.15196e-01
         7.86213e+00        -3.15676e-01
         7.86517e+00        -3.14880e-01
         7.86821e+00        -3.18771e-01
         7.87125e+00        -3.25845e-01
         7.87428e+00        -3.34248e-01
         7.87732e+00        -3.41082e-01
         7.88036e+00        -3.62924e-01
         7.88340e+00        -3.81617e-01
         7.88644e+00        -3.90936e-01
         7.88947e+00        -4.04091e-01
         7.89251e+00        -4.13148e-01
         7.89555e+00        -4.18129e-01
         7.89859e+00        -4.08418e-01
         7.90162e+00        -4.03066e-01
         7.90466e+00        -3.95012e-01
         7.90770e+00        -3.90903e-01
         7.91074e+00        -4.04963e-01
         7.91378e+00        -4.03666e-01
         7.91681e+00        -4.00854e-01
         7.91985e+00        -4.03622e-01
         7.92289e+00        -4.25552e-01
         7.92593e+00        -4.36135e-01
         7.92896e+00        -4.46522e-01
         7.93200e+00        -4.28691e-01
         7.93504e+00        -4.30293e-01
         7.93808e+00        -4.40026e-01
         7.94112e+00        -4.53247e-01
         7.94415e+00        -4.67612e-01
         7.94719e+00        -4.63677e-01
         7.95023e+00        -4.49803e-01
         7.95327e+00        -4.50031e-01
         7.95631e+00        -4.58816e-01
         7.95934e+00        -4.71165e-01
         7.96238e+00        -4.85552e-01
         7.96542e+00        -4.80659e-01
         7.96846e+00        -4.64440e-01
         7.97149e+00        -4.52735e-01
         7.97453e+00        -4.42773e-01
         7.97757e+00        -4.50685e-01
         7.98061e+00        -4.66010e-01
         7.98365e+00        -4.73138e-01
         7.98668e+00        -4.81040e-01
         7.98972e+00        -4.93836e-01
         7.99276e+00        -5.01356e-01
         7.99580e+00        -5.36234e-01
         7.99883e+00        -6.01673e-01
         8.00187e+00        -6.74284e-01
         8.00491e+00        -6.58927e-01
         8.00795e+00        -6.36922e-01
         8.01099e+00        -7.38296e-01
         8.01402e+00        -7.87070e-01
         8.01706e+00        -7.79909e-01
         8.02010e+00        -8.02449e-01
         8.02314e+00        -8.64270e-01
         8.02617e+00        -9.21665e-01
         8.02921e+00        -9.52107e-01
         8.03225e+00        -9.80892e-01
         8.03529e+00        -9.84587e-01
         8.03833e+00        -9.96042e-01
         8.04136e+00        -9.34581e-01
         8.04440e+00        -8.49240e-01
         8.04744e+00        -7.79997e-01
         8.05048e+00        -6.99952e-01
         8.05351e+00        -6.44464e-01
         8.05655e+00        -6.03613e-01
         8.05959e+00        -5.85586e-01
         8.06263e+00        -5.42883e-01
         8.06567e+00        -5.17487e-01
         8.06870e+00        -4.95253e-01
         8.07174e+00        -5.03024e-01
         8.07478e+00        -5.31127e-01
         8.07782e+00        -6.20627e-01
         8.08085e+00        -7.93359e-01
         8.08389e+00        -8.82330e-01
         8.08693e+00        -8.89687e-01
         8.08997e+00        -8.43507e-01
         8.09301e+00        -7.64585e-01
         8.09604e+00        -7.01097e-01
         8.09908e+00        -5.98850e-01
         8.10212e+00        -5.67471e-01
         8.10516e+00        -5.75319e-01
         8.10819e+00        -6.22731e-01
         8.11123e+00        -6.36562e-01
         8.11427e+00        -6.59963e-01
         8.11731e+00        -6.72050e-01
         8.12035e+00        -6.78241e-01
         8.12338e+00        -6.83047e-01
         8.12642e+00        -7.12999e-01
         8.12946e+00        -7.33849e-01
         8.13250e+00        -7.37467e-01
         8.13553e+00        -7.67364e-01
         8.13857e+00        -7.67223e-01
         8.14161e+00        -7.73195e-01
         8.14465e+00        -7.75157e-01
         8.14769e+00        -7.77392e-01
         8.15072e+00        -7.23843e-01
         8.15376e+00        -6.68246e-01
         8.15680e+00        -6.62502e-01
         8.15984e+00        -7.31767e-01
         8.16287e+00        -8.02362e-01
         8.16591e+00        -8.63932e-01
         8.16895e+00        -8.76324e-01
         8.17199e+00        -8.64008e-01
         8.17503e+00        -8.64662e-01
         8.17806e+00        -8.69305e-01
         8.18110e+00        -8.92564e-01
         8.18414e+00        -9.36968e-01
         8.18718e+00        -9.62352e-01
         8.19021e+00        -1.00642e+00
         8.19325e+00        -1.04669e+00
         8.19629e+00        -1.10308e+00
         8.19933e+00        -1.14577e+00
         8.20237e+00        -1.18970e+00
         8.20540e+00        -1.23197e+00
         8.20844e+00        -1.24082e+00
         8.21148e+00        -1.24858e+00
         8.21452e+00        -1.25483e+00
         8.21755e+00        -1.26014e+00
         8.22059e+00        -1.26231e+00
         8.22363e+00        -1.26613e+00
         8.22667e+00        -1.26883e+00
         8.22971e+00        -1.27459e+00
         8.23274e+00        -1.28209e+00
         8.23578e+00        -1.28266e+00
         8.23882e+00        -1.28626e+00
         8.24186e+00        -1.29283e+00
         8.24489e+00        -1.29940e+00
         8.24793e+00        -1.30254e+00
         8.25097e+00        -1.30589e+00
         8.25401e+00        -1.30837e+00
         8.25705e+00        -1.31504e+00
         8.26008e+00        -1.31755e+00
         8.26312e+00        -1.31303e+00
         8.26616e+00        -1.30725e+00
         8.26920e+00        -1.29663e+00
         8.27223e+00        -1.27198e+00
         8.27527e+00        -1.25911e+00
         8.27831e+00        -1.25001e+00
         8.28135e+00        -1.25025e+00
         8.28439e+00        -1.25305e+00
         8.28742e+00        -1.25563e+00
         8.29046e+00        -1.26388e+00
         8.29350e+00        -1.26730e+00
         8.29654e+00        -1.27292e+00
         8.29957e+00        -1.28370e+00
         8.30261e+00        -1.29020e+00
         8.30565e+00        -1.29715e+00
         8.30869e+00        -1.30352e+00
         8.31173e+00        -1.31178e+00
         8.31476e+00        -1.32218e+00
         8.31780e+00        -1.31990e+00
         8.32084e+00        -1.30214e+00
         8.32388e+00        -1.27996e+00
         8.32691e+00        -1.26977e+00
         8.32995e+00        -1.26589e+00
         8.33299e+00        -1.26437e+00
         8.33603e+00        -1.26513e+00
         8.33907e+00        -1.26320e+00
         8.34210e+00        -1.25729e+00
         8.34514e+00        -1.24899e+00
         8.34818e+00        -1.24081e+00
         8.35122e+00        -1.18449e+00
         8.35426e+00        -1.14088e+00
         8.35729e+00        -1.10368e+00
         8.36033e+00        -1.09938e+00
         8.36337e+00        -1.10083e+00
         8.36641e+00        -1.09685e+00
         8.36944e+00        -1.08530e+00
         8.37248e+00        -1.06341e+00
         8.37552e+00        -9.80631e-01
         8.37856e+00        -9.54647e-01
         8.38160e+00        -9.48870e-01
         8.38463e+00        -9.48042e-01
         8.38767e+00        -9.47213e-01
         8.39071e+00        -9.36685e-01
         8.39375e+00        -9.31540e-01
         8.39678e+00        -9.33862e-01
         8.39982e+00        -9.31453e-01
         8.40286e+00        -9.18734e-01
         8.40590e+00        -8.99049e-01
         8.40894e+00        -8.83572e-01
         8.41197e+00        -8.92859e-01
         8.41501e+00        -8.92684e-01
         8.41805e+00        -8.93502e-01
         8.42109e+00        -8.98385e-01
         8.42412e+00        -8.97436e-01
         8.42716e+00        -8.91725e-01
         8.43020e+00        -8.85207e-01
         8.43324e+00        -8.75027e-01
         8.43628e+00        -8.55812e-01
         8.43931e+00        -8.38144e-01
         8.44235e+00        -8.25577e-01
         8.44539e+00        -8.16510e-01
         8.44843e+00        -8.04901e-01
         8.45146e+00        -7.99212e-01
         8.45450e+00        -7.99408e-01
         8.45754e+00        -7.96542e-01
         8.46058e+00        -7.95103e-01
         8.46362e+00        -7.96040e-01
         8.46665e+00        -7.88378e-01
         8.46969e+00        -7.40639e-01
         8.47273e+00        -7.17990e-01
         8.47577e+00        -7.27506e-01
         8.47880e+00        -7.18514e-01
         8.48184e+00        -7.09522e-01
         8.48488e+00        -7.11941e-01
         8.48792e+00        -7.06067e-01
         8.49096e+00        -7.04617e-01
         8.49399e+00        -7.22252e-01
         8.49703e+00        -7.27615e-01
