         7.50217e+00         7.98617e+00        -1.04138e+02
         7.50519e+00         1.22440e+01        -9.03705e+01
         7.50822e+00         1.36057e+01        -7.89178e+01
         7.51128e+00         9.45555e+00        -9.12896e+01
         7.51431e+00         9.74882e+00        -9.82436e+01
         7.51733e+00         1.38077e+01        -8.69812e+01
         7.52039e+00         1.23981e+01        -8.52104e+01
         7.52342e+00         8.28643e+00        -1.08001e+02
         7.52644e+00         9.63485e+00        -1.04310e+02
         7.52950e+00         1.27906e+01        -9.27230e+01
         7.53253e+00         8.81181e+00        -9.84506e+01
         7.53558e+00         6.43131e+00        -1.12778e+02
         7.53861e+00         1.10884e+01        -9.70908e+01
         7.54164e+00         1.14456e+01        -8.96660e+01
         7.54469e+00         9.38228e+00        -9.97750e+01
         7.54772e+00         1.11476e+01        -1.00429e+02
         7.55075e+00         1.53067e+01        -8.26180e+01
         7.55381e+00         1.41827e+01        -7.87991e+01
         7.55683e+00         1.09593e+01        -9.79643e+01
         7.55986e+00         1.36683e+01        -8.61861e+01
         7.56292e+00         1.56333e+01        -7.47359e+01
         7.56594e+00         1.19920e+01        -8.05805e+01
         7.56900e+00         9.36384e+00        -9.30702e+01
         7.57203e+00         1.26022e+01        -8.10354e+01
         7.57506e+00         1.29786e+01        -7.38678e+01
         7.57811e+00         6.41108e+00        -9.67123e+01
         7.58114e+00         8.03528e+00        -9.47956e+01
         7.58417e+00         1.20538e+01        -8.65768e+01
         7.58722e+00         9.14520e+00        -9.11326e+01
         7.59025e+00         5.07154e+00        -1.06604e+02
         7.59328e+00         8.71221e+00        -9.82553e+01
         7.59633e+00         9.34128e+00        -9.27250e+01
         7.59936e+00         3.71351e+00        -1.07032e+02
         7.60239e+00         4.44566e+00        -1.12793e+02
         7.60544e+00         8.95663e+00        -9.71432e+01
         7.60847e+00         6.92065e+00        -9.29948e+01
         7.61153e+00         4.14192e+00        -1.11050e+02
         7.61456e+00         7.72135e+00        -9.70740e+01
         7.61758e+00         1.19314e+01        -8.32096e+01
         7.62064e+00         8.97458e+00        -8.57661e+01
         7.62367e+00         8.85375e+00        -9.89201e+01
         7.62669e+00         1.40196e+01        -8.57528e+01
         7.62975e+00         1.63112e+01        -7.76783e+01
         7.63278e+00         1.14043e+01        -9.08481e+01
         7.63581e+00         1.37556e+01        -8.91846e+01
         7.63886e+00         1.70256e+01        -7.62049e+01
         7.64189e+00         1.49286e+01        -7.43189e+01
         7.64494e+00         8.66756e+00        -9.48578e+01
         7.64797e+00         1.20984e+01        -8.95941e+01
         7.65100e+00         1.25236e+01        -8.22849e+01
         7.65406e+00         8.63758e+00        -9.30799e+01
         7.65708e+00         8.57597e+00        -1.00930e+02
         7.66011e+00         1.16063e+01        -9.49974e+01
         7.66317e+00         9.93737e+00        -9.28844e+01
         7.66619e+00         5.50466e+00        -1.07323e+02
         7.66922e+00         8.91146e+00        -1.01692e+02
         7.67228e+00         1.19492e+01        -9.34140e+01
         7.67531e+00         8.38115e+00        -9.43304e+01
         7.67833e+00         6.11471e+00        -1.07503e+02
         7.68139e+00         1.06409e+01        -9.55542e+01
         7.68442e+00         8.88707e+00        -9.05830e+01
         7.68747e+00         5.78584e+00        -9.69525e+01
         7.69050e+00         6.73789e+00        -9.87485e+01
         7.69353e+00         9.74424e+00        -9.38976e+01
         7.69658e+00         8.10724e+00        -8.88762e+01
         7.69961e+00         5.87565e+00        -9.76886e+01
         7.70264e+00         9.45618e+00        -9.83373e+01
         7.70569e+00         1.07211e+01        -9.07139e+01
         7.70872e+00         6.29965e+00        -9.62658e+01
         7.71175e+00         6.50904e+00        -1.07703e+02
         7.71481e+00         1.15187e+01        -9.82272e+01
         7.71783e+00         1.23422e+01        -9.40395e+01
         7.72089e+00         7.78705e+00        -1.06424e+02
         7.72392e+00         1.16318e+01        -1.09244e+02
         7.72694e+00         1.56240e+01        -9.61297e+01
         7.73000e+00         1.31708e+01        -9.68771e+01
         7.73303e+00         1.16547e+01        -1.12062e+02
         7.73606e+00         1.58378e+01        -1.04583e+02
         7.73911e+00         1.85645e+01        -9.26651e+01
         7.74214e+00         1.31951e+01        -9.79753e+01
         7.74517e+00         1.10909e+01        -1.08275e+02
         7.74822e+00         1.58242e+01        -9.75915e+01
         7.75125e+00         1.56972e+01        -8.43965e+01
         7.75431e+00         8.10349e+00        -9.82219e+01
         7.75733e+00         9.28846e+00        -1.03363e+02
         7.76036e+00         1.34776e+01        -9.08798e+01
         7.76342e+00         8.70705e+00        -9.24400e+01
         7.76644e+00         4.19814e+00        -1.09425e+02
         7.76947e+00         9.28859e+00        -1.04158e+02
         7.77253e+00         9.86869e+00        -9.61713e+01
         7.77556e+00         6.26874e+00        -1.00829e+02
         7.77858e+00         5.59972e+00        -1.08454e+02
         7.78164e+00         1.10656e+01        -1.00031e+02
         7.78467e+00         9.69640e+00        -9.53670e+01
         7.78769e+00         5.91954e+00        -1.09957e+02
         7.79075e+00         1.05605e+01        -1.07347e+02
         7.79378e+00         1.43835e+01        -9.66614e+01
         7.79683e+00         9.22401e+00        -9.93521e+01
         7.79986e+00         1.01466e+01        -1.07942e+02
         7.80289e+00         1.52273e+01        -1.02398e+02
         7.80594e+00         1.53530e+01        -9.68445e+01
         7.80897e+00         1.00863e+01        -1.03583e+02
         7.81200e+00         1.24633e+01        -1.10976e+02
         7.81506e+00         1.69559e+01        -9.53251e+01
         7.81808e+00         1.04671e+01        -9.58650e+01
         7.82111e+00         6.74129e+00        -1.08394e+02
         7.82417e+00         1.00283e+01        -1.07167e+02
         7.82719e+00         1.16301e+01        -9.49271e+01
         7.83025e+00         6.29340e+00        -9.72465e+01
         7.83328e+00         5.61086e+00        -1.07804e+02
         7.83631e+00         1.07343e+01        -9.74782e+01
         7.83936e+00         8.52164e+00        -9.24462e+01
         7.84239e+00         2.26628e+00        -1.05192e+02
         7.84542e+00         7.29362e+00        -1.02952e+02
         7.84847e+00         1.20258e+01        -9.18944e+01
         7.85150e+00         6.22508e+00        -9.26102e+01
         7.85453e+00         1.86296e+00        -1.06916e+02
         7.85758e+00         7.85085e+00        -1.01852e+02
         7.86061e+00         1.10840e+01        -9.23201e+01
         7.86364e+00         4.06799e+00        -1.04704e+02
         7.86669e+00         7.00990e+00        -1.10725e+02
         7.86972e+00         1.40498e+01        -1.03372e+02
         7.87278e+00         1.18123e+01        -9.72660e+01
         7.87581e+00         6.19601e+00        -1.13457e+02
         7.87883e+00         1.15189e+01        -1.11374e+02
         7.88189e+00         1.58674e+01        -1.03856e+02
         7.88492e+00         9.57045e+00        -1.07145e+02
         7.88794e+00         7.60951e+00        -1.21457e+02
         7.89100e+00         1.42083e+01        -1.10451e+02
         7.89403e+00         1.11674e+01        -1.09531e+02
         7.89706e+00         5.20206e+00        -1.23515e+02
         7.90011e+00         1.03951e+01        -1.16230e+02
         7.90314e+00         1.51086e+01        -1.02157e+02
         7.90619e+00         9.90564e+00        -1.04724e+02
         7.90922e+00         4.86229e+00        -1.20455e+02
         7.91225e+00         1.24756e+01        -1.16009e+02
         7.91531e+00         1.76679e+01        -9.98651e+01
         7.91833e+00         1.07343e+01        -1.00097e+02
         7.92136e+00         9.00536e+00        -1.18330e+02
         7.92442e+00         1.66499e+01        -1.08351e+02
         7.92744e+00         1.35906e+01        -1.10763e+02
         7.93047e+00         1.29179e+01        -1.04157e+02
         7.93353e+00         1.82552e+01        -1.05571e+02
         7.93656e+00         2.00946e+01        -9.83683e+01
         7.93958e+00         1.50446e+01        -9.79055e+01
         7.94264e+00         1.45975e+01        -1.09664e+02
         7.94567e+00         2.11795e+01        -1.09116e+02
         7.94872e+00         2.11377e+01        -1.02474e+02
         7.95175e+00         1.41001e+01        -1.02970e+02
         7.95478e+00         1.56393e+01        -1.15725e+02
         7.95783e+00         2.09757e+01        -1.08048e+02
         7.96086e+00         1.63680e+01        -1.04312e+02
         7.96389e+00         9.28581e+00        -1.28600e+02
         7.96694e+00         2.14577e+01        -1.17734e+02
         7.96997e+00         2.27547e+01        -1.11049e+02
         7.97300e+00         1.53110e+01        -1.18632e+02
         7.97606e+00         1.67199e+01        -1.21056e+02
         7.97908e+00         2.09239e+01        -1.18821e+02
         7.98214e+00         1.87619e+01        -1.11024e+02
         7.98517e+00         1.49978e+01        -1.10358e+02
         7.98819e+00         1.70948e+01        -1.22093e+02
         7.99125e+00         2.17332e+01        -1.19480e+02
         7.99428e+00         1.85302e+01        -1.17949e+02
         7.99731e+00         1.30671e+01        -1.31146e+02
         8.00036e+00         1.47342e+01        -1.19914e+02
         8.00339e+00         1.19036e+01        -1.21494e+02
         8.00642e+00         4.53400e+00        -1.31095e+02
         8.00947e+00         1.15598e+01        -1.32958e+02
         8.01250e+00         1.51124e+01        -1.25304e+02
         8.01556e+00         9.93640e+00        -1.21326e+02
         8.01858e+00         3.02643e+00        -1.23721e+02
         8.02161e+00        -1.56632e+00        -1.30954e+02
         8.02467e+00         2.50655e+00        -1.19194e+02
         8.02769e+00        -9.67898e+00        -1.46484e+02
         8.03072e+00        -5.25054e+00        -1.29151e+02
         8.03378e+00        -1.55880e-01        -1.48816e+02
         8.03681e+00         7.97341e+00        -1.41819e+02
         8.03983e+00         3.42852e+00        -1.52274e+02
         8.04289e+00         9.26633e+00        -1.27748e+02
         8.04592e+00         1.41239e+01        -1.33050e+02
         8.04894e+00         1.24724e+01        -1.29122e+02
         8.05200e+00         1.04232e+01        -1.21969e+02
         8.05503e+00         1.70207e+01        -1.20659e+02
         8.05808e+00         1.50898e+01        -1.08812e+02
         8.06111e+00         5.49360e+00        -1.14779e+02
         8.06414e+00         5.78583e+00        -1.27275e+02
         8.06719e+00         1.50076e+01        -1.12814e+02
         8.07022e+00         9.39991e+00        -1.07705e+02
         8.07325e+00        -1.84289e-01        -1.07276e+02
         8.07631e+00        -3.52168e+00        -1.29134e+02
         8.07933e+00        -2.17622e+00        -1.12349e+02
         8.08236e+00        -1.29229e+01        -9.14272e+01
         8.08542e+00        -2.20616e+01        -1.45111e+02
         8.08844e+00        -7.22630e+00        -1.24303e+02
         8.09150e+00         3.27767e-01        -1.05716e+02
         8.09453e+00        -1.66166e+01        -1.38344e+02
         8.09756e+00        -8.54666e+00        -1.66947e+02
         8.10061e+00         1.37177e+01        -1.03956e+02
         8.10364e+00         1.11104e+01        -1.02339e+02
         8.10667e+00         8.86524e+00        -9.11271e+01
         8.10972e+00         1.69143e+01        -1.22788e+02
         8.11275e+00         1.68003e+01        -1.04554e+02
         8.11578e+00         7.37992e+00        -1.32349e+02
         8.11883e+00         1.13428e+01        -1.16584e+02
         8.12186e+00         1.55270e+01        -1.01665e+02
         8.12489e+00         1.22216e+01        -1.01196e+02
         8.12794e+00         9.87702e+00        -9.80102e+01
         8.13097e+00         1.12661e+01        -1.11333e+02
         8.13403e+00         1.09042e+01        -1.07575e+02
         8.13706e+00         7.12778e+00        -1.01928e+02
         8.14008e+00         4.41843e+00        -1.09675e+02
         8.14314e+00         1.16438e+01        -1.04860e+02
         8.14617e+00         7.82598e+00        -1.00582e+02
         8.14919e+00         2.07988e+00        -1.21212e+02
         8.15225e+00         1.11405e+01        -1.15673e+02
         8.15528e+00         2.12740e+01        -1.04812e+02
         8.15831e+00         1.66803e+01        -8.31875e+01
         8.16136e+00         3.03137e+00        -1.34665e+02
         8.16439e+00         4.06237e+00        -1.13192e+02
         8.16744e+00         1.11084e+01        -9.48038e+01
         8.17047e+00        -1.61663e+00        -1.04774e+02
         8.17350e+00        -6.14507e+00        -1.12527e+02
         8.17656e+00         7.08835e+00        -1.01091e+02
         8.17958e+00         2.37925e+00        -1.03781e+02
         8.18261e+00        -8.73261e+00        -9.10482e+01
         8.18567e+00        -1.30763e+01        -1.40414e+02
         8.18869e+00         1.65403e+00        -9.02379e+01
         8.19172e+00        -5.18793e+00        -1.19509e+02
         8.19478e+00        -1.74830e+01        -1.49080e+02
         8.19781e+00        -9.66295e+00        -1.46923e+02
         8.20083e+00        -1.18191e+00        -1.52832e+02
         8.20389e+00        -1.24963e+01        -1.62756e+02
         8.20692e+00        -1.43862e+01        -1.78303e+02
         8.20997e+00        -7.44591e+00        -1.73764e+02
         8.21300e+00        -5.17004e+00        -1.55382e+02
         8.21603e+00        -1.55220e+01        -1.73359e+02
         8.21908e+00        -1.06052e+01        -1.83399e+02
         8.22211e+00        -4.20661e+00        -1.56478e+02
         8.22514e+00        -7.06711e+00        -1.50742e+02
         8.22819e+00        -1.62034e+01        -1.63581e+02
         8.23122e+00        -9.23608e+00        -1.77231e+02
         8.23425e+00        -9.91423e+00        -1.60660e+02
         8.23731e+00        -1.20898e+01        -1.53356e+02
         8.24033e+00        -9.15700e+00        -1.72029e+02
         8.24339e+00        -2.32001e+00        -1.63360e+02
         8.24642e+00        -4.75156e+00        -1.75915e+02
         8.24944e+00        -1.10798e+01        -1.80159e+02
         8.25250e+00        -3.22915e+00        -1.94847e+02
         8.25553e+00         3.50938e-02        -1.78024e+02
         8.25856e+00        -1.37188e+00        -1.57750e+02
         8.26161e+00        -1.47148e+01        -1.70737e+02
         8.26464e+00        -1.26895e+01        -1.64096e+02
         8.26767e+00        -1.26662e+01        -1.47505e+02
         8.27072e+00        -2.44263e+01        -1.46508e+02
         8.27375e+00        -2.16360e+01        -1.56151e+02
         8.27678e+00        -1.47843e+01        -1.50895e+02
         8.27983e+00        -1.94299e+01        -1.33355e+02
         8.28286e+00        -3.63830e+01        -1.84689e+02
         8.28592e+00        -2.18791e+01        -1.74070e+02
         8.28894e+00        -1.55395e+01        -1.65861e+02
         8.29197e+00        -2.50538e+01        -1.76557e+02
         8.29503e+00        -2.48669e+01        -1.83684e+02
         8.29806e+00        -1.32502e+01        -1.84084e+02
         8.30108e+00        -1.03878e+01        -1.59846e+02
         8.30414e+00        -2.39780e+01        -1.68060e+02
         8.30717e+00        -2.44955e+01        -1.78519e+02
         8.31019e+00        -1.67670e+01        -1.57608e+02
         8.31325e+00        -2.50990e+01        -1.57222e+02
         8.31628e+00        -3.11204e+01        -1.62581e+02
         8.31933e+00        -2.34467e+01        -1.74462e+02
         8.32236e+00        -2.14822e+01        -1.72682e+02
         8.32539e+00        -2.89133e+01        -1.68901e+02
         8.32844e+00        -2.47669e+01        -1.75504e+02
         8.33147e+00        -1.34747e+01        -1.58253e+02
         8.33450e+00        -1.82231e+01        -1.57114e+02
         8.33756e+00        -2.56218e+01        -1.58582e+02
         8.34058e+00        -2.43853e+01        -1.68349e+02
         8.34361e+00        -2.25131e+01        -1.48449e+02
         8.34667e+00        -2.64842e+01        -1.22873e+02
         8.34969e+00        -3.83261e+01        -1.63008e+02
         8.35275e+00        -2.99340e+01        -1.29207e+02
         8.35578e+00        -2.95675e+01        -1.10980e+02
         8.35881e+00        -4.35302e+01        -1.12407e+02
         8.36186e+00        -4.50759e+01        -1.35139e+02
         8.36489e+00        -3.85361e+01        -1.21123e+02
         8.36792e+00        -4.29604e+01        -1.19943e+02
         8.37097e+00        -4.44666e+01        -1.44773e+02
         8.37400e+00        -2.26428e+01        -1.22786e+02
         8.37703e+00        -2.21847e+01        -1.16700e+02
         8.38008e+00        -2.50943e+01        -1.01963e+02
         8.38311e+00        -2.23793e+01        -1.25065e+02
         8.38614e+00        -4.33931e+00        -1.11066e+02
         8.38919e+00        -6.60952e+00        -1.14801e+02
         8.39222e+00        -1.34400e+01        -1.22928e+02
         8.39528e+00        -5.45164e+00        -1.19385e+02
         8.39831e+00         4.11215e+00        -1.06024e+02
         8.40133e+00         1.16650e-01        -1.00075e+02
         8.40439e+00        -5.56067e+00        -1.19046e+02
         8.40742e+00         1.59181e+00        -9.94468e+01
         8.41044e+00        -5.52757e+00        -9.33274e+01
         8.41350e+00        -1.23137e+01        -9.08673e+01
         8.41653e+00        -9.94859e+00        -1.06402e+02
         8.41956e+00        -5.64678e+00        -8.98785e+01
         8.42261e+00        -1.57120e+01        -6.96733e+01
         8.42564e+00        -2.74638e+01        -8.32016e+01
         8.42869e+00        -1.81832e+01        -8.81852e+01
         8.43172e+00        -1.34640e+01        -8.33101e+01
         8.43475e+00        -2.27762e+01        -8.39062e+01
         8.43781e+00        -2.34326e+01        -9.17358e+01
         8.44083e+00        -1.29241e+01        -6.98826e+01
         8.44386e+00        -2.29490e+01        -6.81333e+01
         8.44692e+00        -3.11619e+01        -7.58636e+01
         8.44994e+00        -2.49989e+01        -7.62933e+01
         8.45297e+00        -2.03732e+01        -6.05805e+01
         8.45603e+00        -3.18876e+01        -5.20172e+01
         8.45906e+00        -4.38445e+01        -8.45059e+01
         8.46208e+00        -3.24993e+01        -7.55786e+01
         8.46514e+00        -3.19496e+01        -7.58826e+01
         8.46817e+00        -4.23774e+01        -6.95400e+01
         8.47122e+00        -4.17491e+01        -8.76355e+01
         8.47425e+00        -3.06052e+01        -6.98128e+01
         8.47728e+00        -4.11342e+01        -7.58814e+01
         8.48033e+00        -4.65127e+01        -9.62189e+01
         8.48336e+00        -3.62128e+01        -8.95733e+01
         8.48639e+00        -2.61341e+01        -7.50618e+01
         8.48944e+00        -4.23401e+01        -9.60462e+01
         8.49247e+00        -4.07905e+01        -1.05962e+02
         8.49550e+00        -2.93916e+01        -1.01796e+02
         8.49856e+00        -3.52734e+01        -9.30054e+01
